542151324655631632362234451651622256556125445222235635654626155341515424112642634263425622363212124122313122235422431224435444562255631355353
462463412616166324153644342134433661324514522453141666421252646453654533666623135453345614142414225646611641634314646623424165613625126434636
432433163531265663123122651552652211255324355653554656245151545524514254265133562121613425222346634426214132554162261161512446566263243131362
226431313613651455152414154341321453154341432343144124666351331251635326635562155535411126456226513261143321256535615261414254531442646156345
554524256463662426211245213656166324344564555616643146552162161362413314535366365534434314532665535314365412512365513361122441151546531122164
334652654523454523343436151212244346541611542246166465441314132326146533641242244312414542314524425255443411132435135353645144212524542215332
322462434534221266551433151622232321344323623543646335225352522112643144644644343356365121155445552232532622565242344545314434624131254214432
122413132526424533244121312313335461423114615465321543115454643135136386134142615434113511522245563555423455212436612621561665213432462323224
463123334421653446424426363342142111365523661564645462343421363141222996523263415533621526424223143116621113415616562463656266611656646144543
614461611536463666162121155531612556253165515136435264545112525113326655835356342246655341333144231256531622361125622441615522425521562354353
415233213253414161225543266335215633445336326111351245625525333646577796474444643533224624221556333616136531431152654526113552414316425646125
656155156335623355226646145355155246631512444354263444325252361166456474785533561265561246442611525613631366211142126121631246412523125361451
365344655634134244226111655632614466444623435121246514633511333155466456674634516621645613526212114341311633424615435215441243616535433342423
541465261162243124445414532166346424634664212646416115164531455544998659945651612231255243263314415365212635622455161463344221363143663245123
114621261135316315351433254311415532523364462256444361311125153644474765689686663634531413455254226632442644262153624534254651425241215515455
644443315161133241326214234421444162621516132123166554444113435448974747477785662511224436343233432452451546631411235551156663156531561456615
143465266124465635262245263151356232564453515124526264631434167467984698468447852334411311356265342241123322552125263441422461561516431154456
355253631231255556123414135446214556533555311455424651665541648955975446454586674134546525362243512663543461544324222654253113232452232535243
113551234364425251231431632665225662542115364341466633356528787688974867995899799641546332113456421364654326261411234315343236214445116351265
346633526315263153323656231111344456532423115354656654511687765945998587749564956944661542233662133553413332325341553343245466541115365644353
664636423644332512633142451336666165213626255116331236651689765985579787849548455845556661154332523254316316231641351445125525531654452134256
453234664611535332524455262352632521321256655265234245419558959888558698944886459849553634436414461344246442135545163666513513242323434541321
356562634316242651411454626646262314114313444623234513347785847754876588744466545657583365616551153543123666641465145335323655541155542625442
414426124624413463551525453465533322111354531636152641974874688958685886796868786846957414346634145555331216345125214345226363146632641451115
265336461551624232636615512242234361552162165111115628899758467977848679855594579795559454612546122614541144264333612424513251626656366152656
521564541633253334366523316454432555265211464513633648469674675664494968799857855946567866151552116252124442642225134313662415614654312642561
416543355115341556615511463655532251626523554424266944694876586585754659668458957649486667221236561446564235243341312131655465111146666463626
636216654331224551255245336355255154155464144522569697464585998665844478764548965984599744555343623231456615445655533451424145214541562533561
166612363442215133141262555541446662244416624365469549968588597474869565599785659685779894544664421254141615226526352115616515114153222232126
543342346141552346325346552651166515566135545166567478446599464699574676697674865649497598565214525522262521233115565254514563656631312651112
146451264465251546214324161452635153433261222219695756557547654577866646985895755497776584547831214215162516122336325655625143513236511314146
363223433512451655623463165341314444366314162586466654455764668675959999546956784869974758678671555343265354646456314444312512245443142255564
563155166526316241226142611654661645441466354587667457749445566858558577598799464949597989746457653514565261443262143353122446415614212323123
256113231362665133465363224623263224563163456785869769775495686747999698756985766875956977456774553251455356443421141444124633144342343154254
543635435553466526261146165446516121635565389689684576956778679875649994966455956467565667949644985615232443261356646151225413261643365322525
546564555345145513622516155542462125352613988474565844565894466744484845488687996895577547747975884414145265425151131435263361154445124564155
162321243232211344564663251642623154211549677778749768679476688999779759984854479494556894546788455461325642556332321214653242315262623543162
453244411132655636414541124543436252355645595584984776568988457466944757598986645878679666795768895966451114122265232243436314144441545642463
125321163316635443124545462254315124446494644984975587487549564487484756567646674884648546878455956975215135333224325333664532336515624543145
155421323131562136361334355111316123618984789744584879879547445446964874668688867589965568875668658487852241314662531441562615145132443122342
211556343232225563233125351145666521596576565985669699554964998878497448679876768864965847964565655575956361455542166224522416336452332441356
644542261254413561231534653522335166477657945567889647864895555695765489977844559699476849556988656888955542614341154612466524442615325424253
435213355445535263621133661561124365757764957476878965787479974568589699795767967879988978867744547549986562443163233425431444632426265455523
546621426456115536521416116246133545876964566695447668878497855499556595997679846865859658669755788667488861133533221521546212656416124234521
543225542434453366564445546511616944758985868584768455875784997475444764577766865684675969967468654495687447445164314232662656655154341613232
323456331524414253463164132336357997754957586475549487889584867946555974849544887866959565477474749455866859426526151543252315154666562314463
364426461225432146553416335212378555666776788996554954786696958487954698684984668668468548569479865875575678576361323234556463432114316352615
626643244333535565663321326443497668895545465567476755969986755549944747658764766785874647497479497987456479945131115134452142552226423163261
112134154144562225654426516466866677779584988775966866566895499677765767966989977496485878966879756647879654585955656335124442521116343223631
655416643456412422611513546694857997747547555499575847695767859455684647684764877857946666798885797576957674999673564245246116456246346112564
325636336322631126322315235946768477884565788599954948855784684766747685647767646798966949587898795645694555798549336331346514354346644443324
153622621214564164152426559788776599688946997976445459756465675449756575875678784645969464864664845544566965955446732516533231143633633262142
615261565336516512351263267864796865476966945445749598956965586496874988975944487456474465858685749975986494488554543546141335156352216335362
266452641633621422215642976495799789474669765947544548949864947878884698975955779664467976746548599795787974457595654645314143211414251411665
521522452246552632445617856949746948556846599755898697568776984475979588657468485989668955699968546695974797567854497956322243546521242631151
343562436622142463256696647858547596986587698945794776598589759576767759886877974446696755476579796454748456777698758662566631656366212316662
313644361316611546125667759455686769459779964976847987656585976859465578444665855665689694779797588586989944869944558967644654544556416114355
123662434155133354538848995697599544695787576565644747758499985649594755469488877854886789584676695597976469656489564856814261463542214564132
143335564323326332565646785775858567886784686859746885679447466448867967558969775755648884769458478995546447848545595965696631633454351335343
144216425434524362988676785889859445878699779889888784954766744694979797689675569465697956976455746696484698787575994958459112314352166451533
655554416355666529797994468859846695746947854686875795588457596676645578445878995949555779987854575759769847765645754995889526566551213614616
353335646454641145468674546887558889476877499898497978986588974669898844584695488954784996775564969748848966484598544956667863534515632354645
324613335222143976489545577896896895987986846967599978655667594778897599844659977774875566556999785557644764584696984745584655411343214551523
141434266414229588559876464789488996779795499865859786668784857544484599997754874654548989858565556466845676797585866564745479761365152456131
233354153122498794669898947659996578576846455597589697689945964794994669898986676865475497948669685994946859858459458788845689471611414221254
466513616333445989666744785966695548798898465796889886847845498887944855668948866787969676754466797445575559894996567847667799966555332235521
244222556214864456986684764657877975579847686456949975785997997468459487584668657794569686745478987875989787796964975665755845754554136514444
356334513647798974677677588894897954589445995554665558476646474784889654799444449657897986979658788897999985456997664686867654674452324525346
244315353948969889647665486475956697887559647544444758468846657865454875757974544777546748655464567565859554586568985875758899796886541121363
436212518766776585988594747945867478685757649868976896567589879994979954888546769949747785576789986646875475557658749566999446846495822521511
554315254965849656675859664547757944479759765655446695667464959869875868866975688689458459856779648994948858569757797986487747758955682243635
316236524677589847594455765476967656667859895895489948779488765649594555569866678674758687954666886797569668479746499658479759787686462566363
563322461975699697695884444988987484856668975759684559868664486754577454745479478875589894484948857494979479459946544684874856487994365525543
561231652569666984484758797498589694567746678798845587546667844744898775589949746944748749997675848899744688867466775789457966447863554116553
446333516629456698559559494977957599789669765575479958885458974948568687445446776456954557746868884889589767998768554747556446848832351515612
244144666244469745988968984568688667888945855686999548577697554556889544797469776659695884457984864849494478946959899488557557797436121144333
645221613152675665779694488684685567966989596566987665454698867945996556888867985594657867855865866664576699665988766447549768984551516465643
262112454556635449865859746777777557559474957668987867896468848584888949567794456999868788774858449477864968597697567859999646763263555341616
155611442634661849674995445577668864786956946757769788885575655649846947444445674444556895484486659646454757766798554595488599323343314564424
235266435643533459588699757764994447748949696755999748756675877688456876574888794576978766479649574857658859789848958744585454651352135262134
123534514634134269585485584669596786655547959599869859875499549786777969687944949647667459988887878679494777499576598845687831442544546613525
146121255536342331776947988975869658576989844995549549845655968575849948965758599845447888789757557984498668895868568467489132615524136344613
235163145615353312295747696564597548556786449545684758594756588877544464988794854956576956448796665554796566598874479676556466112365126313151
443611616556666251546479548664756949779789944976645756697464674967847547645965988758884465654896446587754984777477859464561526516565311663431
123633521212412463242774485968664666549459856557564466468747694969885765488498599485998696969544996696445996544755477769553422623132426313166
522141311143213423662285645889874954777748654796689457648587698556847449574756774964757986546454755849894495687679757796445422323645456535362
616645664126232531224239454867475959745978849569596555594864875554865846959888444745767777558765684957799667647979674935231113463655146434455
365332231245135342321653756449975878466967797765784764557959778676669874785698969587869865787677985754884446976684574221326161414522545312112
554151455464356266424366368847786876459574654677999586769799679758475755964975465446448666947687796749498676554496664112563453121233665365166
356521236641626225421666639447656659757677657668986474499786946586786958585465666587845864685479966749576467796978441242151255442155224364513
655614555255341133554246266599859948798568567968977874556497555845546569574944949999484555568589885579675776679949543512423616615645452361652
413422613434644522566336511294488997448764947875685775655995568854876989844759998955868858757478978894664747956673115351562644265412534343156
331266244343423563346343534215694858698854566646897488785857759574897897494855588695874476586847794468667758996553444232521642636416141612614
215452251623622364362266263255476886754569875485646865465774587467694676895446596646895758847445847567658857498214261563111134464432511314464
351443531636344562565565525414597675855445744697888779564974867876474895758846687544499855797479954677678589966144535251333313665361335444651
316526332533432314625261342252219547574797549746967966556847556477696465957577857566584556575654774979948998624332235146643426163423624662122
321136651356214612236265216642363877554955784747976769545466455444568777488546487647587866765766985654867987462224521334663362652423514656325
422663531431354231542322622614254457887887779867987498995748569544486955558958889458578955588689744499544796125616223346221565234141114513343
444465355245522666632351616625634566849485498695477459447599878547569654779595649567544979697749798484685546321636261456121266513263335555314
351445666221613161324613424553622623779676486994646978467899458784854465868458877778557698647549675849984215661222321615333336563421654355235
136324643563332453446122652114343513654986897575688479896757967765686585886698568978797779967894845454955625326242542234315123316516216532142
125421332151242151544355314156321322255865885495775865955687576987699965768456447998885646794998449874525333333263544312621546412443644133235
143641214521616426134323444315426524632744748498489976897999886898644546468875675568999985745955849947633616345453656332361261621126324222652
656634454645642146235541325225454353436368976469989888764894489965867597658886585587554458746885646563113553215556153156363434125226565143534
151461511112546646516542246655212522534237556757568866867954776654887764978695877559658774997654987732664565433113144524324246613524512653324
141326224164566656456545453264243232111464989958458657489599985596795488654695565665997789794676654213543664444551453214335515545431252312141
212214332465235536113355523326153564164653496494776684456746868567597996976987855667987965547774491441543426615465515442221322465466326452446
214622324135436632661134431165112624535454235658758866754757664569497644559994865994766456455476716151551532233163553326165144465223564116344
111533114155564516653443243262145635133326636447777674987857446878979885686574547756756966977775432556651621525144424135155332261223415561215
114524421146146343352123535216215415654553552654968979878665476565674744678959656454488659557963424223655352141243264515211365651463556522225
646436133663444634632124155526155111415455455147776646844599587567949985686945955476597784888813566546645442161546642565115163415334323665356
543151261651663434223653221651526643224452463444896698956486987776749689854457696964956744746233136621141611354313225435112135436644424114416
152414456123526532135332511256462364423261635136358946854968556854875849689786778657679948592414534324234356413646416121122646243625526163264
242665333124355114162244261421652336652453561412424495665978599667495996875476555669788885616155141324211166351625545555516635233364135314162
332665433163436135213526414565335516162245246341425557984666955965697998556785559899889896623666535416361524645526314134251454352332414266166
516416455434561526541341246244161422543161414153132459765478546887765755584976976475967891661554362665454223536521261432146652441523653112535
221616615444132612224255161315132123511343652343112315799897668998985789864776889646994862325611451561536526125655625252641666261264226441422
523365136365464555241663146243111454123541652524252625996886468958666457584747758546895423422233542566454331624526221354625326551625651142451
652333221153164424515366336553656344615522446661162616498864777768454897647697554749445433544335351523554662535513232314362133344462344241665
142633654666632463252444465154542234544612635163252232318598564894695598456645945769821244235526546113152426523446166413214634614344164165543
553512351263651435154314346646263136141126343215121546146865675759778446688898886875551514444355555161414651551634536261341531216351125323121
461426444441643446114234561516423153212224546132465541446356598645785987996898754785643112423561511225122262652146465412354143641343122515652
311514145456225532261453422265633456556465466444152311162345897784589798549789668856365343243325252562526456156265224335461335226425234631161
616252166226431362245341344443256355556115422434234661324164499559769784755677974242651645436441636633663244521654135565523164135324354555153
226221651152423522644661142331143223444443312122426245115455497997654595699748596164223312512315222335465536331226251524163563243544464354154
231214666463241646151226361665313553466356532152255536442225644576988658968959844644124363662445366451166422643233624113226546655353255662453
321415126131116532565443112464663654135631652644562566631412542944475964484748216253534144552421526322553453513234143561143556541366366234363
333455325453414426441115261444166322633666612512514136515411261396645799578486363322135526123114354666631453262361326245462262441456422411254
625631241562232212234164336146543131511622454411616421231642131526669467769462521215452231412133122344364646333565413321532125522133624263643
552356234452324522436324661345123646632434532631641233656216541633459667976135422452464412365322266163464441224646531436156515554555566451252
151655614411316345664233151146363534166425334124533613532351564224175687945451551121225335543446216531533256325643524165422223364531126115112
416224162623556162664222153524251112536614144156626544314132145563135484816445666334342223543211431662116454223522341415222514232364466341253
366656466633521243662552663513363421542444532132652423422245336663116648115366111164351222654341251324434565346516335321243534152223352433152
552311111344345563636316321551553566211541121161144166241355615425142355241312463435334416154246232633236241152163361364443431363624612625125
613443653646555363652445556425636642311311254425356661511346513425432222541425563643341631654124434515231625541523562246525464444225641111412
665532535314162631552166234254364516522615313551551534243265652211335332352424514446516554116452254166324235125452253612623621612436343236654
624463654224264644323412331343113221236142662345566241261241554226226223543464615251143625556613462156362641231352561156422611563424263556443
466252655524345556212216642154156216442652564223646552445332111365624245214541626611641313135526651215254231513154631265242155415426665326425
234641433534441445123544351432152552453426132241221266224523313355461542332646544123326636665545226346633522634452656554614643443513216416612
224346116416315423422555442262555224614221144312664446121354335621314322622216525564424461643114332656246133321312611156656235451516154665616
162534116555336356326545461511524352511256133635633135164532141645433426551536444614264652525612444233121355446313153643434445422331313454365
