522316245353466256123661151621116255634356542445114525254263125214351515216541435213152261241656316452331414456632661524522232363645435252252
134361515463515514226462334553652413443444114151132265313131441434455214411425216242454346415255165214344355565414441613334144421116423153424
556335234265621151555513544364246161446544114314364251164313316213163336563434433362454354633666352161355143142231654616522333543611635314512
626553261165436113525332236346643215244522546122226632336114135311114411133121352336251122136125612643243363245132253226151644243251634432124
353465626336161526664321251315536142443341313351643363442554251135611322451223264332325424252335443553131216461661546536316262564625256632311
546113513566311225533516612254362645151212211321213534562366213645222344345646564542224236662465124653131641244625333232346231623553411641151
135353354634452255165163455542344443441462426126565114343431364352252615661353242665141545553162533543216255112414623233564655653663645415366
244122135316453243435636254222564151323661124353366122341312615641522373455325561463112142421135213346355534115164362633225213553126541416322
115521454326252624321146366235664211132123314254462654341351154213422944264534136513354521632624234435645113426545262325246123454326342316361
235316423133243564432235336345311145421251162614435355456426433366265975463252151214565316625131514122456555423342622214332421525341251135424
631663522242225562222226622243252212561333166516336423535352353413389845886441614125425166363634541216321561216552666411656556436616665625521
144446216524545165144456145561415351243526453665616515531452161333965978699522423145654311256454153255616151545263111132461425651562655346124
444532336111251633625332353533144615415135652366246345313311511125858789944766325315324422446323235512544324251322412136446162343632454661614
256332221133216453355266146332113263336245263511655113354165545684569874578954243663451646315322616523553415255132136543444556145231643324625
634344262663453336146624536115225255362253565232466346446512121788897897654976312343261316165115251235615643535211134142352666153152126132312
666436131241223161562641324342311446365612222564225121513541548774855988586754811551363653122634315655622112121422554412323316662621441146655
533425544255452431151226622126441616425455216445361661435214365967845769749685872446511654625435665354342664361231161131121314544346141362351
355556324535345663562625466141231654253246566543163526446353598869776875558744577631565314226442535212522254332323611611156143644336445531663
121631423426515611224114551653146115256624655646633114314255474775647786445958795711255426515413462114256534611465455522125433552151515356242
313562553461365246544546635531254232623355435215562436516279467869675549444585758794356346412356465255336442123543231461515626243346433465551
512543514262466662543624416464162121156322365114341551423696789645796487666477658677525155462262316424363146435211626225245612225163526321641
513342435145164344653113565234231233544262315442263244424988676994464558996794798558746546141514113216422263655321511615613463461462652411265
446245561343244266155266653525316215313221345165155242366976945978886446464489895687643162551413544213165116543212434412552365242422233554642
362446324346546444423136463216622555622525546153311116868487846649597566675746867569667232524362536524555323525113351436151636523546323352662
666422111544641135614531255466642566155324623151551237469658987976658956465489694485596856314154354543241464131536343356555623224616364243436
245456643164564163136412351144326222261331413363432598466768966598879945668748978885486586312532542622466565463455546643332354133121543133335
112445622262215442252425551562111552364554436346415988767846585486647444994799966778897449155314112232213345151466546443643566533566553154613
466562346655653426226113462221364125255652111526339994764588779758489887795565578884447785655256125343533463621254365351633321654514644245234
643635551643465214325136634262212213361416546121469546547865999887888444498999789669987896862155252265544524146135654445466454556631545346434
131543141256125261155541645523214262622631244624448768796757575674467556876757545779887744984565454216532451316616321425255615665243313134353
433116544634462233113454256311436112652632234334665744698694794579644578856575554585999744855713414561611113511313635465545346166321165123354
121456544432611124142331326253332261244336434654896658476976548574655595856974879785945674675684223464345634156533445554211262323251353643634
624512645414444325656222236451135454612325316468978769896859558988585696457689847766455484779894254121342422453346146211133334546133632632233
451135145435455234151632313125223341165461469457684975599456898749755646677768484675856557799456432366315154356225612441451534262521346315443
334531465463414221334152531351536324544265649844557498858458975968898447857988985475459779957585565436133614535424136224665541535625442123361
526532462234135631514636156243342456134151848955786956899486488768596547679674774888749745957746956615316542126511334536154555213644446424223
334113241266535314131365521662421352626629799597879557769495978547459699574488777546547548578499658624534365616511156253432341541254341521225
333233356225432112113533123343465122334299979798497787859454978594959978854695986469447679649958887443255124221516544621413513622215341124143
413235446266151113154632324635435455326547749678776999668894759759776788645999879995558686864456499994432366463445664532661211323624554654624
522154215621122524324146343232566534445895495775978848877756859476895494644459785887459755878945595648963411162323522616255414456243515654121
361136643526322653643461443555154214375479489645774787669566848764477688774988879645568769744755748585672553452633556244662222156452441354512
553634655152516225544116626366636443486568658759768559494565959664949646677768966496985966585747987596747536244442344262354452553154241112662
533164443316612311546411251115112318887857956556788477488684459594698579885479667597478864847889547488798963255565461255633413156156453626344
553453554644212332113113225662644355449867987694796878694664488998474788658548578565555854746595775947565643253426132443642436153513532444314
341331116141161435566213344526532849645668547597997664798756654965984766546869775547548475547796769857548669262452132254335155465246131643464
235535463645536561425533453126565757769647999677448787758889747975995447589944994868695867584747856855999898634514215653635644642243316443462
653323542555516365125513215264548668456758665894749988579986675747758469698877868698877764564749784447987486592523356664252552563152541616223
542365524414164221363225564145465654594854857854865774449949465445868647798498688546756989665875677756544974687335111126151251513646626532246
441122455642462552344435152156997467899755699754845949448588884755697566779845684649956759974757559575855695859543534141553223651164312541425
463641143641663252334124515456574589555858496549668558475597689874697795557677897784494967695894979488674476466765135342656116256222466532434
611236411243661116413156546587594659664576764999497466899648799684454789778776468757769979657864499885945595976744411554433341564122123545222
525264461123562133523366629745999669768954887998676477549697954778856978966949847977754856685759564947677889458665916363214316234226125643565
131351625311664414521642578544548556469866764565674458794957598555898579548558477756584476944866669794475564766578496516122425336662326635262
425355622425316153612244764565454789786556999656799755448855699668965965584669849688894796745778697444576784959647867242645632415634553564112
111411316134246332161467766565486794577754579574987594544697984596678995474648545475869969667764777548777496699857497416613416352331314232656
415433431251432441665297595475494676488684454756554647766567648675764664668745578554485457649987675999678489899567677873412516363452443234253
166521266133321236664985898956466584844856575949794985967658547889989965699447884869995777686468846848664977488575475884452361133311566213156
625243141135164554616568684674844465546564675454657744748589678668879698944474495477998497744665677464747865776945669878943252511166546332631
315434523426145352294565687655788698888846785496778578964656674477775985895898474897649549755547544489879657957679769888952223566636136663645
316652313566241316764757977766649746458999477549477685649759868544995697788885659656977495654948458558968655697548869569798222446632452616513
413325325416211445769688695499766754545547948985844586589978486789754786459896665949675889784976795566844898584459566876664723222342663233352
223366555431422469648775679655494784444875898986849784685445987957558446684955676999878749987888479854846786785498686588968695622566556653554
345211416212551646695944766546857496985797988774869976486479456674586465785684687999499898798885669447845668787566849745748659522126354513546
523216551126455446698644958674589854578766744845579549547974964545949575894886675555468656886679658948586954777554547888797768466446332133636
352552424363654688888465569459754878565556644877545778849698949587459597648795947679568758586487879686698878894497784677898466565464263354213
342266462565766584945956656845586646866569876875448695887944656474886684968986744579964655545878949788584448554458984447565859974351512554621
613163546218656668595877657667546969546949879966858876497565858998849778879785989945657669865866456568945657884489988666656676965931531132312
326516433245967968888775458969788494665678954688759699945998459694677769968589446968585577686579445984658945796987696666556846955895553646354
331345531554778497577996559767747585594977458654747974947565878478969484779995757449468894475984655688645859677576464568589755495596535342316
542452125487656854648899796964775779585746754798986486967556454665849759958676844985858576948657565977945668866999467864549469457944832264412
213631576699478649865666657465898545689655859895979556496479845564877747495848774699648595596774887495788544545585646985596794789788465313166
556246546994988689797897844585897756794494497956888646448955677484657449669587455858497574697497966858979986849979848579664499644646641545215
161162322758659499846968888685448855757754446678885964648546868558879976649857776889697555899945594695877457488657757578946757496547524643456
145542352656854875757699467479565555875685985598847449659987679795896745685956846458845874577898759644444564595684769659876946545494236126235
125434542356999999754545547888777676699484467877646547987697664795749555757969969676477694469878595896785674864585665897757945644944243441561
634415632122944465697969794546889656789847898668689477575954689655564567846457878747776555879464865955984749679786757559554696649466354461325
126246242561494854888575686777899848464476976744555474557844799844867864944467748664588484548494884494875578444776465668495686981254424316531
261241153133334654668594489568788666579897864459479945459795697984865676969886967986966676987875546565674545856876848748766848456214516151525
126542423612142674865454946665968887888796447476946758979774567968977748444788747495759568588896768795574467576757466778989495665643154151326
661431136366245658946969857748576667754566998655947649799689485557444459787655588867674948796856944947587965988597468879896796241624353134166
462356655121156146994755877474975696457677845956846486654599947584957495594774774459578544549668485464786956646489558797497754562246436554236
153664462554625522664448667798496598648858649577757947754795859955488889479977488958955466976946956748995659745586864885497631522152445154223
461122241451145532275677948486946559646967787584856799546458854994549555649756779947958485788497998756646789895979847467665365616122222431331
514541135335634554367486466878556969546755798885698949668555557959894977464447975775748446597975499998787895687476466946715314126123323512435
321324555316635366553956896658574848844978897544985499874997648457995978497995976545697546587888668797964985875988477977262134211155115242121
336322462413326446522396974445598766574796748666776768456987798997446774844964989764696985685775958699888547947468585983143653362211246422612
165314136436551265524218698994498887477455968849685846855498994954759598985655786478848874659468697896864879654969887444524411142165546154323
336265634262424642561325659544959846575755874769489599948566566574545986459896776696964784548979958744945845578676769514435234431342414336333
643462324514322561643113685846979899755855765599598955888675749996555868559655777879559786957989956698987789448647586315466262224426543265632
151522663234361313426646239446467497497584687654768574779986688568959689845749855797988697448685486957494479877877553246423215132226554324361
241214661246656415562212164957669964585864645587549965854754964756665645765659495866644899558456565944557899598544433343255556135613644545534
242136414544343435316413335358746796878474447695895688876766897794985695776498567459468567698447969774686686989475456326542535525345441626252
164646656161535264434664366357769695587899745768867475888774967946795484679569647789789866878846654458489878767444246242343341451531316113441
412624242531316131666465532662576748446678647589878666658799578787879754548774947576479795944579866964876984749612324566465553426142246321141
462161334351665145141533261551587969469854944459584585877866665758548769587668465474967467478448844747544758586514626132642541241555226145341
122656556452633564442334442324614469849777864898769989464654674796956779648945469759497995947475864676588987955466312315651132161121543261612
635166613646545533325646455341654785769687869854698774868966789587899647797675995756879666654575867448645977653244261224635413241532153621565
556334646624412633623636146162443186776449779968645964895549474585996748989688994867576465489695868898968776635432362424421352615126316534421
436136312355411216315632512644652644878949785795676855545945954656794974548875887784786645775959546789987511315642366566432566164565434645241
234435633453241654231366411232452433764996849949455795766949775878765574595556755447998677584465645656547335445613464213325536451364155252621
555463653554563262652653631355461216169968668676544975679594955868678744759855587656556878444559799764783443331536336134423552522652246412263
525333112566252353341151211216152333159548749658858886685969756686557686998778798548489997745775547799952362343135623662542564351635415366543
666431361565246533344146443651552656635796584884499696776687866455898445598997789967564845675549465774634164634126662511444311245546231643666
536332221334134356312365164536533451556394976549565447789964857876846944777697469867495798797969855882456436356364455556136465154512152623533
444221363345241425343461363251533552443646497887687874996888974948868879788979669666564446489545488812514334323665626256353135435332155456115
116666452132131231615132661233344636266453675494888759799946465797784765755588796584485694475866456452652132362256614314625532142455242162132
521262163234554222132536234121135253655153158586999478747844495478687567658986698975745679965596996255425534125633512312123431236362625356352
663664653563261463333423622654416262554542669784459485975784495857978694894975495658664587746758956612116265114251654655562311433254512664164
144451231642524143566522663253516413142513541859554687569779648979495766465474849884547749965488554416116555441524251253111245211222624325443
132436242512544442144533215422532165226136156299567475464969668544754485585549459656874874759996633342246323551241663225362625546534112465263
436562565515615323555524444431512525233243223665456546498869648879586769454896575855966559566921614535311535231132234434112213344411225256366
311343462141312434123143156453351446432164362413854548968767649496699877759544854987967879846121236353636151234236533255125165356454332656645
155666121116151554566114322234355521321452513643594655499546865447844967554689695484449846881434221313133152344656562356345455216132263111325
443565166662123653643262654422662534214655552224156588599965969887686697545949488869774586654446313563112154344363424646322451312643125365613
322513244624241665324344115124653463111424116341142666954576594445857556599797765658546696546633213411563416314114644535532455616555525424452
341455116563534665242636426114256216235235231351655665967788577966677664799879869464899592525242246462266625256416212144614644366126363611345
252163514555646111232132626166522512552265462341234134569984778755995658674874858584596741652366165326366525254421653645461231261561116245461
435542511623633553521636453524663616435123346452621645884694769644879846456898795496784545136242615664134246161122441312264351265655365216614
342265426433266612535556252161324666434454224433415452347978445676699948974978468559846211116541214242143162125256326653565151434223464316325
463116516452536351115244535352361561135662264422445326415549668676878659597866775995532665654661226416224543112453143114552615445415245422166
252426634134211512111154661333223561553612341356135521346849875577786477644949586889363325226516565241462162454316613625651454236441136513522
552362435264615244643454253116422622623214364551666332413448875854796578458989677791535263651544123641566246316314265256116224522446614126251
223513613416544253626342611214142214544364124524411343443144474467557686874594997823256144262125135314221436544634651532516625546541615643255
525555562543312524511655635426266651464126323225545516664546458475559556544776658446625255655126126241512443351422556645134463242633126244536
341251541221334325615345246224134644633212562551153646421213364686745675545978574256153466551243314266246614524242456641566115335454432543141
541212224162113316416656412334535351614262611625166251321562144686585466869666716555535235224626332542235645456412614511336424445245265542252
145512555124436455412515561246433656423435546516153465523433511797489484969854254655661533331431111432414514341451432235516624523556164142355
564515124215115532355612133422434151662232512553121532156551545586979976679591321546546223432416325435445135342443114342355153114324336413162
423313534612313435316156546154625216362251612651534211413143614114874496967846434662234436664525331156165422235555614246543256216126252546663
654516532664332646634613431631526434561425342466224346314663226361469865668264623564261446341365342143561213444611613636322551411543466152116
521115635551416221325531615245213644652125113566244411625323553146178564471315234426214153664545413151426231662135424656664442141446315361641
346451424265511315562336245144544266163133252466136211633545561122336657666323453534544646635615114452255324454336513154666153521113616356422
615116535412665326113465421341635513521251225533655413436615311632245488543455126642464435462143131163631216166663631344323246544164261522215
435464232445412541252462546445635244551511314131452655513233423645365685426652632514624116623561224363555142652231364113426162524526446625553
353135266411123545651321344211521125222565421242425134125343511163152553163454326526152242164565263411151653662356225522253236462515553621614
342141363542133355522412234162655336463243163436133654114434141344314132165513246211143125661416545325343536641446166342261133626614335115435
523126514362515264643242623346563161642253254415134365661613633542413643221314446416332515366326442166255614234532462522523216632136111541416
416424456614424516225451465263644646221321666352264216235664624164221163363511224254361351246442245245633333433336225226314223644423225243135
641323114121612523431464555236243225642364651662551561262523323325655164242266566314246653221262313666164332252632162111562443166653622141442
221631523326111454431533123551621165322264551553444145424423465132561323654454626424224651466426656553313331566126442466225555536522234521555
561112246543432556545614564332341554124364454312654435434136561346363325152453166612155111154314116626641326113351442611144116113236362653641
