645144623366116146613413533556333213221336366616522653553616456361262155454363435434522444211115451242131452423422311613516256132222224441651
462366552165236152255342113642613122366531265532562163424155313165235321666534512455544625264516655553241452643143246611126161653143232456165
211554525362135254462235453433663655456532415425555221452563254662362454425333222451255123531623163124364414324632444626211364153621522614524
411116225651314561212162343331461515434561343643616314526336415153331255333466556244653536454512664251324345635512366422333332156536442162636
161411252121446431422312163432154113432326654145263131642436333133646165532655156555513112642241323624533434125663664413526451445241652342641
316525651551631244463616612244165424135154614154143663636464451655112545353111642154664321525646524424615363644624214523636321616354342155244
642451554153562116636463646235436566152112615216216322256234462425623554441123665663116466636212411642351115653143341265556265663653335446155
233551641563263311322466353663333341124156312441466222363654635254626551151365132164463164514561463321363415323255111161343132656534466312655
552615322444664131156564124611345346462162342424263221332253136456443456265365463252144164162565342255316425646454325245152131365154123643651
343366441433432424355566444126222645154461214514545416153626322445626467562635111156443156141646436241634434212146114652466166356536222532115
465331664632646321552112423316155662565211212356341524451351235215249764956435662663156556551125333631532621142446536563433134563523444124262
612332513626565641356111333141631654343666445165651551323221266624759976475231542242655441433532242455452434423652564224114455334223142565223
654424243114133422132222325341321436161131461661154332242462633546564948579435421524564636446542256453461323565622211641542435166411663134642
213434361464123536635351463214613226141333314544415355164551242644979576889482226162411336165324312155316543641556166364225361162544336444161
164535316514144545462415266163415413611125135353364155656223224647778887467886246542652356511642613565163514654532433512564153652333661634656
633152664623363236224111233414666365462423543424444434533213226667789746789749821562635564624532515526616341433566645343615351422163564136635
214245455314464515135531425363563546321555416352215415124336368766946447966756692313234364514522661266341562464346655336162415564223413514624
353455622144331241221263116552643525243254154255616415131361877546546495994477447535265314256263251234213313533632524566155221625643434444122
436625522516163561113551654443334211611412264361613355212346779787859677978467949641132536514331555313115164434622136566416626616231425363216
533361132645326523236565641135336513662613541655341145355366684895845554855657579474532223225655363634315142133564631565341526251353162665164
123225612415634632361354131434211526543631115661656213415848869847694949444766458547144155542262121256623411624621635144126461541561425631223
646356654453151344336165354425153412434562432455441244437977556489987486974696777775635265113643554315215425224463364335264313236564212663523
314342222553554164523245134656536643244334236232346566397748569474978855686858749498862325116454162542426411312325442143524324263352551616462
156133132146641564312111566653443614252513623343621153765546864645977977765978786788576625142653566552162416321441432131666415115543222624331
132534651631336641254212525121655452243314426124512424879676678465657848975489986946884923456246422434165144433653223323661246452226324644131
512342111253545532335151446266256326212343244623333268654959874849578787764748449659694955151362144641565154112116155644433641461512334262442
344364253151523542543466423663314322664435516252261664765555955597497454945896945597775965566125326362434525615666522644254454262141654251424
355626413451525115534313564263423361156154145352364749755878856988495848565647575844995596521622144352434162623143422514233234434613136225562
443532223545326156532546156562513451324342564545554796974584648575968747767978867967779686744161644531232235124512411425412632245113532144223
334543612435515356544123233564456613164213211345665569966498547677977547854448447598944768779556434123523564155441445335616124616165555633226
114622316461246253652444432445622255612463323614458779478667575667584959489787478655957546796942156166263363115215223132563455442656635361323
633614412514233166626126514214665455124366321378985979868879565959958844899559695845648685895754444345153236126464313351544451163514223263321
363156635225264114666341132464134445334213626584498957895585449494664878589587757669664698485895411152546151555416135656231366345235655453452
122141534452342341451354145343451626446531429766774758868585494546767854975649946465468489948699546233451314562462346362233644531354462366463
316214651446314232551346625423256114662624557994467998676879876678566879958866595767869599645567661225412264135544126112461322532665413411334
515222135512512214351142652332516644366414675465577867789976789599589468677678866676699679444665976544463246234354422432264234461554641461256
261326112425323664452244445364636556344524488876785676696959677775758457979655545948654959476896889512225514325113445311242665546123611122244
213315663455363653461552314343251642354188964666496588956678586649764745646855969494696944469845546586525215215553164525532653142566423324545
116621435436625321435533653526445152564476697454645578879548868976978777674588955757454668489755444778215212152565135456343446546222521553442
646465433424332544354135642614245526167584879676968997799665849968858844794556779999685457469844697464612531665541364314456352215256665223355
541452636656166652565326311624163313475995459467789657496474447697684767746547789445449558986544764497954124136652442126266636462314564466332
655151451454616325145654123262122263777784694799987564897989767549856776965754849566665496885687646666646345351245224561134356565523355642465
242133132632346646334321653536525224689459859664847885846749644767465679464596897659779588457456586488479443456613614251311413523446343416351
322566413211132221363566636121655149586555457598559694997849594547899448974495894768548468544699856748677643544263551242312215366323163632315
156334635626331345452442426153425657668864557885884997986476444565687454484559657475467755746764546796974849255653511322321563362634646224665
464516365646631221164556253516137856865754748684859866669547479749557448847776747895747688869865594947776575732334135262624524556365225264413
654663536323363134456643155366449689974845879685645774668545794594796894979949775949499955475849744589489468696455361242244616614562466554562
613136112516653441636611416435649559669676664569769575879964646686645974579668659788987576948857467898766447779164321253233261456314263322546
444213555362255521413533221335794684467948754487469648646796756677957895485957484754866684988954684855975567675826566416422566265355231265114
415115666353451432232125166556456999989544789795975544649654895989554564485967757588449984969748846646864989565862662415412111654666441214141
633523615216443325231435633659545597889658678786467479784899568775994454557444847745994554874976487864579469799747351511661322534164641356225
143166613253535636431216139549475985447486874874786859458677966565577696868885786584975678655575589748888465898566532251453123536541315441215
546112212632354124622465484686655785645856856869768797898967666567968774564987694968768446777786455848447979658598785413421256563531161241252
522631565361124451644661864674478589949774468848694555785477679687888845764554689695577468555846688757594778655655877532244335552414526312642
131654322331456321223459884796559675594588665888669995458444499698886675976764877777458578585978645579968889898466669453524634161655614235224
144223543241132144613164646488869999966579554545769985456988454679496667964755949579685966789467694895548654677499476596521464255125516431615
332454532313623214523755567778889697889644769744785864578884884474449967465467764564475447859977878955845979999768479866332512454226655336513
634255146121646562419594657547975756897877499665499767864446669489686585854647544767747868789845696947948797846546654577542365136341135331124
246311411421315531494579995549664855686964977877499869774447854746469958668564444544476764859846557668678876697656999688856565544533666411224
413662665314634654745499865666879946658495989694799868476546979798744898997864957677655665957567456497869754596776795885849115631666545424156
526212414135433448455446868657776754747879454778578668789468745867995754568857966964576644945649698896755776654546886794589564344436343665136
616411123221435157599947858764685797975846575886654795998746788568476594796449866444699677797888877768759655875889499668856861556111446533413
534623136411546979595667469757776954448894668864957645575846774644645997974759964665746678884684975448879589449854587697659496331651653565331
361551611351129476896597549458966699976564677958947975574754999776669684677755988558878999958684749896867647788798985968447574651212214152346
451464215221199754798559998855944799748478478958545687758476949878599497777796495686489586768477876948494595856868675699448459553236415143142
512262314521599647887574977756678559555479755498488965695479758948548844695867675748575865674998898954586797796557886588766977697451655261562
345535366127969559999775767768964699666747656948777675868554689549884987687878598857546879579589697765778756486869795575889565759551611552243
534564111499898994556679747544656664776845498476576849769557565748589975977888486467544758994578764744579764867685579676777987598591644533555
313343335494549498948647584486597744687699746677569565664697566788968948764757889897945786574896454886775554464896678798659897689759444625354
233356556695885884445657794665445487897866475676759959478965494799988488589597679497895678495884694555466699676778979987649865777698524536413
366122169554654499674579995965749745988494678787578795766654574794785666598567649895886999876889774777587786774584855864499567699447662534345
132314129597746579548587698685449484886654949986597845444858999594664644979578879475585868468848769569967685868677857446948675995798862366364
613426641896974696477594797776445464795968879595485898467494759644466764877568757575854985885666499447959448886898798667688897965597124155364
435546513397656444765797579797598669887999989778489558565686995789677875689959976988765596875846864487695584478869768745989547884592342454433
411622523547579575758544956889646685959954495566447967469956756754858677978884649874565694475555857549959688888675989546488457977435543236123
661621162161965474967676997945798669649577594876946798498478796745745865748585896887964454478766958676645945567455675786484666956353651412443
336121363514298645967458986875657466647544669895777946448948476876857985994497476594758598999575455544467457548885664957495779682424626455466
255212456326615657945487978556588879948488976877454696796444795749865888475974759868987494548574968676788479848688545569545455856345136512412
365144622444363676758445548685769496847598879845854874444865999457657696765495859688666645757667667864477444567767995755475946235146235643516
222123353366166575594996857687679795574989856995668947965579469666576599486545896547476988574656764457476866944464866446755694164132661125345
141533242254651167466495997587477764555688964646968474695547754698745455764787677897675568984657887566775899874786564696455956244611362235652
332453531214231651577566545797699884576458789845974845885857647486586659988965956974776799474968547486565844854664575757689334652141645633644
664412352615232613364499888748748845754646866757866844945798455897466549594978894675984948487747697879946877499979546865764514346135334413522
122136443261115334566586457486975448548968954884494998477645687484455695748686456755875886648799847866576994749478459974431114361616666336116
526633662651362424316584944677645746447984794567665765797476845578464474579566576657847766686678858949597465699665566946251545536565644556336
462416545526446416253244848545497955994744495895946978855794456775695878849847755466586694755648684889875748445996477461141354535546226153354
161152454313164466546215475764579944959645596548796997996948794545857475886484989785966976748856594654694954746988975415314522546552622145353
126411142415421246315464787867585844564947755679699598695954678776678669669666568964499958555886489677744444979748974534516424535233355532441
536166653115112513165664167959685947457599964596665949958869959987595795587797568698998685867788984874944886468664564516515564125263311512124
454423366442125324165363158564779494745485868685757648474677578958484966785586649678447799774689459698459684868669435415154246114362655343661
423511255352654636321624232776868747497867458894578854578858557657545648976479549748865966559987695987974774577765424456265225221563534124145
132613351336326543552325153456785598947775676975574455447955498686679895956647476589544986867944647855965785947863411164562123221666142145652
145324265365463361455321133469964565764756955958796586964999855649969975476578846499477577676786948564678545864422433422335152144411442135154
243533343635664622651161222412959565567469795878665757687887989455747865464467759577697956454847948869575577687462461111466522632241336434335
312161311322326554355113154661176749768576774967555744857489895675768967899466669797588558497748587677464677564623412246125631541422223656654
245313254315441154133225154344344459479789495588479685556968758675954898595475577556667457755888788847868668634456163426136156166346536414621
434411231644515163411555325263445455584496568474659758684457865887845485549549957765779968598766598484769866135532426166542342451661631345343
361533131436231421126411466425156655447745678667584655966744884747984777875988845986556986657585557999949545324326663652533454651334334236226
451564362154313153656551645222351347574689498956578998684574844774894797545465699864657687965469797759698435364652625364326431262165534553415
551136434555445324233221564242211353979744974567965667995559448664649845896596889979599868666546779757789252453135124451625632442451113435235
236224533522354643223265224116416646487688967595774764665798557856549578956457974664946654574595774994593442223341233256316155235566652651122
335514554541224256656263451443546514115599478484756745758498478485844856855474686445686967566744846587453466354364425632135565613166551625613
263124132562132245543521534323513455215677858555747598597649598956477478587588896449865577647889876676632425421555125353554532355532352125133
565435635113224345523422664265431325433368849967597784884486677767699575888896685975748478545984495662636354351645266633523214411412456223145
661143642261112116651116543514166653616364687749894749764479795984457799887447844484695555755856978423235141565115442612265162525361344525553
622532316356135111451213534125354132342242785648959695785544899548544757449657644495787974497879954524565246532625311426651423522546422146632
643636542322124263113155126222635326452256256799695986747945549457947746787948447874648845545785443646413345252121213621536151633212416314243
625325163326351614654152154434264245655444647668444475884866555694774677694799768589786998745645746564421246543212265412224455311262354536424
554312442415631631611322424224134544343321141685577488574777475755488656755448756794447467994655363451663161515545564653244141215365635644256
131462413313556253256131256112652656235236245658479895787985549779859857665547686995868464774861566443151623525244414322564134162256635345423
554114315356242146216225444452444611312652136114785895749694469484798885648685565896866596587753536654422553123331416644412655463631461245622
164513425142644443136442423353634516411624112352789459777484658668785946596685475846544566864264262343523123265623555244664123646453163614231
226464423234212215132636116144412555165653663656548586489854445786858666967759785764768955661123422666664621314212253565322333243644232341446
561112362566411312241113314662355446153614211322255495778798866789469696687779868544796777951166363611431213332316216114563233232146631624416
324335311622161215246232354255223235541212654226662948744784844589498764659587789649786797245543315453664462533165554263243521662465422355334
421326124516536315241566251341313326316231244632451576689658969745975475765598684878765992251634662611156542453161341661114533314664251633142
125554531644413113125634324633643135665346662225651115446985745788966564854669945477669843444355621651261113425451355564246321355354514626114
555345566622543665331164521262633263456421263234261521498567796578559598479559588489468155325532463431551623322611554325144626315642433626534
564432661364412162261321352134241636124553155246131464544787556846784957964858558466686124122411262314254161654412636465162214545553466211614
516526546431153314124631455531314316241422414566514435327479849487656988755878767556763113232354165165354633546446262212253342122644135562166
255424461623321222415225322313152415414366322165514132616967574555758856995784869999145422311215641461146526422153565531633343124223526526525
242632655136443521362141344435224211166425526545243432644446684888669648645987899976654223446611463235425362314546112365262155632141156464132
261256413525222222366365634524232463343235511636553522466667766895645596566574985966314266554422115614136646551131315652613226222126312533614
414426533366422454326253441456562643544662256365415315445633795479597565888495547526263222636366432141131642215162453166212542531446564244262
124224531223542223265136224226524624132366453624254442414221597978446468956646961455346665524426341531421413533345254655226424631454365216323
344554335134663361361246652453236366321152615412214651126555364454494586486974653412216465244134321263645555214611426155364245133322221244354
541232125636312641631541415514266663135446131546624342666164432876966478965498614614346552136655433255244653535435414341332621623565324345331
212611642146524461344534426141312636125366566412361461562345454585764578558673555222245263151133536366523635661111133113125613421451544255616
643541342533242635214536535216625635336433321255641665652544621667947447859552316441542453146353132631616566624335151434141621135232125423521
424644146613261266315115134166133613343423444261655621243254621135948484648116132556331341536545431325646522231523612144534246515511455141312
251456433354462231255315136224651221242126415264343621626552544324565749794264454532235323553153622213634422515562336222346115532343334314231
236664243164434411623123664233441211521626625613342642654536635242547844951361232661245362261363263654614651254541351126315524442242321416161
553431151461324655123232145134111433165652563531432153556141255551512779322663261221261166532543665252421243225556542325425213221554666266314
162513154536266165264451515255356264313551631344141342443554454564234664126421344363324631424414553361425146433554123113142116323122536554422
123355326626454366354542433445336221423551622323611366536512144336654453355545315623515656555663621413612112256221562553243431632364211522456
253326236641411665323365415633244515426355144253263521316612316161542652161465124212432516566655145236546636422263144113234153534566463236323
244251611513326536622665556425212443632315323641532522432116646421611334643534315421653625115266663334333461153543525335211636236335224135156
314336222122466344461551662516662562616111624361211212621363212662355213245413111242465326113532513316211554541641222352445155416641334323231
524611462163143254434115452432423625225566225146121626224651223344523544642244151445133654341562211621155641222141634323251134542642461514364
261165631141445254154611253355612121461114136244455334421364253246221532412426143141564133364654152251344452562231441544353665134255556162423
623213531132616626244426411516244123116551522111443121231663243534651236325635324366243155261555666351143343613133441563541362243611135612213
