565634516144551346314665635564253313516215551163133445545623342641216325154156251134361241361142361526354424145126425641355566614266555445223
333425434111626113443452411551261644511252655443612331664336241226425426513661316235131232546665332155355466332411464113235255164145325454665
344322455112653161345311622611356313546412521112556232135356116611642462335145422251465545345424613241423131323511243326332352333154334244641
114246564531225333563364613532432431216662314112364265442344131161135116515544635524323331214263451465543265423166421656251634653155645541542
162136512163213113345456441612662616611362532131255665653544244322442645263131124326642212541361516162142115643455113313215344216231322422514
431124232332321531126312535536132213264424541366665315146124446236621343246223621433413634564116544625435414341231154465162423461561215335365
266416552163662143166431442366251335244322353611534543326652154653624314263232645556162126446634166655325352155336223454161234253562362121435
463155143632244235461134456632644226621323425441646623412541664163145275322234554553424415255334421242463362334156162216256142146144413541351
562343464331635451444253143554355335161416365511254215162454426161441777145115355366163412522266313121464134345346251115231441232561326514326
641233134152115614655344122333111451554434442356532642426544523212315658761665556112255234462544555353516416256313263222635342463313636553326
145263211313136313154433462523146362555643223255434333632325144421499495983363364241441562346115463636246234142342153611653324113235521134233
262241646315414255563342632326234414312623554233445545233614224252789574956624126113615532621112145466221314563355253442566524311363165533144
535222434254356223664343663621141116364131136361613662413656466517598949659722241435464355266425316665566144414435263123464554346636155421252
614112466311636463412523646546112564564153523434666146651142244698895749844462622134315412555126344426315345636612633426526253122246262362452
512644221635514422651662242355255513435262651636232465324363325785755566978788624462416166134123641525242564351423251264332615152451121136321
636225611634116436526165613424313121444431544326231526625552619544477877898494852263443434133231264654661435542321356364443146365564321352144
226415641633434662525534461343613433356561624644362331263142288886668747658674772112316612166113316561424233362445553633434341246355551111261
133252214134244365224544612125311553336554212616225433151264949895668664444859579436263233214263131321631663545335452515325122213643325515136
441531214312326146234622632132224623456636455254615434221266966869885994589569584831424433565416543321236263164152352364643536453256623541522
524426624346245563561562146212556425224212152363564554653557996645555449446578465694163136314465451416213623546553561215114116562331244236112
344514531445534643423341254412246252366142132554511544363668695575548446455759486967436643223112415451464321464251625156354344422314154532246
261436566141152233616261216251111156441453143351231244167554844464859654588674749787543266455151614623125355535344553443633525362431144636234
161551564341213421665612515214231536514234245361121645446458864855695949855744467747754556152362432336411245314541154343331554252633535636561
342166446453656663441555551236361536622212624154244544559589857954554845968645947797896615455426524243421343132333222116663323646233655146635
333662226114436112124635155332346456544134441561135568869469954647546844788447994697884843624665553626115453453213152335311244135561612612635
112166213365266154223346135416144314136642245113611487859974844856769459858658899656567675656112164165554333245646511363563345356332465634652
415114623335566314164266624431631263545661521361314446875569469888588754574987859798658794664266216463313456541344635645312451165522326252543
122224664532644516641621354323336463433144542163347898744788779476689444798469864969947664923622136253255131535152116124313156333552526443161
216553124513436161225662521553543243651463112653345765857995856459599677775897767875598544442366434665516142445314555113152556241314261315216
634546362522244165345466351143166542256236566163875485584485947549694448895998698577846974746646132112626356432424352524424123225143613325126
644524635543553542363235124533563155611212546215669967879886988548657587866945575776979489784745515155456444334561526253461631431254353243152
555222361642562566263641651325434243252514562368758866767947564566678464898775646796898959889655512533162413155342332353342344236553151143363
652532235421445326262165356511242453515355452887469965796794776586998849878968967874787546585597661415166542262531163254645622665113345563441
663216536623355263631166513224236522163564558686948564846865786465648575556896967579744998599996433636242553156366451312623444554261242441326
126611425242365464165666563331322255514126185984966875494677549598457447755544795645664856696786745441545422225115121651324326561455555526236
363254135563156643441626363355344432461462855765859877797974487777584896999964657664686979574885868663411313114623221616153162213141452556156
366611561441546466664253355512253142251266757594896798864699676697954468845744698599988574676578645713526611425164135626631143334131334232632
632111534151164431641321631631664444635668597645849778445478764878898869476596474749997949964556495572163613415114651543153342236322364121654
144365244513646154334224556542423615666946988548855545658867469755495979857887556577665599764996966458415523543133545226445161661132322424123
535152562155526351633263334663324612614576976556954977748767447659594864565465657945647555686569656867921132416145421255325456361325366451415
155516433114366334261456353323353636689585945655485975777494996474455548859957587577757557745977597785794332641235535541355444422541542541513
431666343325333366112514541544354333586667448598499975666788459546866947986558668994555565854499548886457114164252531536254526562654365331514
155223464645115463242562344612112666947998968744648467858747576566799596584947464957775678458699575498974843612161456512652153665325344426514
132214665411114662156554233315216396547597754578767946658796979867769985594758487895976567694759465697759952546526646254312152126511224266653
433521522561656624361412355116631684498876964775886945795489589558899576549997558745475759775484954657479568155634354353141436622415462154466
553636626522231522552616542134326664845897684955696887764589845446686867778995895649876574746977747884676875925426422222262163562551246645152
366141621626343212361163143445457844789655894689644559654467567466975497464756778659589779676769467767949886462265662154365316532142322521422
351511621221621112114341564261695586489844979486476489957476495888569449466896955984478965779785554484779774949534343344362326213234163653356
562654451335166434135656236145768579654469457488648948466667656478866458754894789966855895774748894787487975988624125332124112333256436266435
126234161354216253333652563386668889657559878985996597786769455586979758986488494966489956996697785957994469869946435336354326315254516446664
245452454414136434441431555657584994966795996454945567969875654659959465684857674876784677478946995654968764954757545243515424636611364266131
551133411613511165544166335597889476574894797474559655974598884797659846889587996448694866785558879778985855484868463332631335643316135323212
524136342551362336355262647644975767888848575685748969764876749589678676896854457864594549478749665868957597884894945646264445562531515633122
254531263216441341166252778565994594744644785778458446974859957597768994644877698578588956694588689988498865858644557334146413121623412543531
232164335633535612524555588665467886898975495866956489668587847877896545959557786794946495774748588467845555994758746731255221342622522662611
515523546115433512462357996646457965948568584884689758648597589485665889577678574979968778668599665779975846887449979462613634113321312423431
424615454536221623126584845745676484674454858868944479949694894578846666464795848664999767469776677776867877766588956999245624643116266113263
543516126156211533469996955775845696487648897449787985686898784765586984587768976976548698465486978878799585685585868997444262353153514534455
125634365556552156576477945676467547487877996677667764678947657768698794664954759886796868869554746499447488967596948478493443162521223142136
426262435421134352459667568476746765567896869666768966949998787798488456987974699747854454844448957855654959795699458974667351336454555452216
531623324545546145979556559669974757866984777986885944878867748556899484489455548599497576987556554459884486954574779969999964463365466155144
511151516423155295889789765854847869575444877999758588968848898698748746479858897685449945974894688846697999789659979947464475321311244664221
415426415123334698656787994469685868576674558948969665967955586544588574864787478958674877799645644884759789864664769884544658221642342645315
546515211325524754945778976655765654886454844885987894954678957698594544485597694756994964498546498698867657659568586848857986543124461562121
326154243334389944845877855658949994485476896944566645946959765547787946447855466459667684578788888555584489865565895789489664651612562421635
432123566216654864797978958655794445557797858485976878979488855686559689696887756866666964557669884866684795989864874644698886476543455645542
511256635549779947675488967895679976789488584598998877647546859476999556485458595445899656584986868778649669857857664468899958657732324625632
411244316579849849677665955679949876886549746757785775465474644767899687864776694774684565866756797778777995778746868945648575786664225356115
363622514686449675764978475795655946456554574678785865564464497696976647467777499975494457856948864844844869646859667588875495784768252445411
645666636958848977678498564988846449944898479546989776447598944569847555466654456544699958565968478579884447757756856774779769499774853332141
143235448456868678885845647774548655689867567664457648975478956496988467685665947964666984677555477768879689576548695798466447666656552612313
152144144945748478946598694596986699648479884458695588758857579645966567857989856994856848884885746899677969969986974485687456588498614451346
156312253788655494778466497597996697986899554568689969567767996468958546788665974548759658795576565947577976976877679499685556554845634231533
111454552555774789557499556446879797684658859947898694457845684755584848448556967677585985549659997555569658774899689568477679448954136156442
451652415166955846454878789795994887784747474896885447454578889655697548749745659796978769478567967468898587765697744566948755568914434211133
461516345441667768478658868476954547578956949866877795989784755465746678849944689855494875565489674666974854884759659446584554648526163632645
334443541534659968668855989979448947957456455786855959767476996875994689994755677976546584968947955597446988784569967854446887592123561632656
513362155333625948579949986985646498755884784645785766976698966897448956648466775495497545657847858678487755574994564695886565943522152536524
515134456326451794469479945984997645485747565694747957986979955795477685665589976769544954964697778857574497989657764855498949143446362625424
225351113166434176467599485949655894597665844984766686446547967888749669999484588679578569658879664864787776867587844567796754114333341155421
625466563542143359758454744678897956545766748869795489459654844456549598877485656474666847989546765865767847654647446577998554346316655535526
243523515126424226595697757694998476474645654494789458595986686846697649586786585969845764895696768958687576966747554585558465313612161335334
225251311524242656496479478944949875784557567454554984657446985775766756586745659775444686767978676849948486954959775875641321561454442165516
556565161412331362335798986459845887577688457778794557984749645667445448797749556478858845594545844484784648854786589697662462511362451163121
353546566362441613621599599866485665987798866487859567595664764554574444585547556896579867797756957876887664896679649854412111111261143531313
426224365563524513524445967648447968564445795565445965744458967986794494467755894649678984848658456747874546988889886681233363364353151536642
524251161651411633423127884774954999478678865576864664479789478885745847545484855857954944486464489547574645648654564553425612212421635633651
531321245316114652163635749455895767875579688566478997969475448649958964655497679777646799489856486667495855599958955442366365613552566514244
412463543363251255634254576445495879588455644794655979857979654944568467798785988557447598596586946759988657995645444616153551642644345121241
266162313216463662356556468886755566557448544457766959977698847495565876686589556484797657796879786656787749894694413344352151562222352521116
312225456325146346244266542566855895968574976586469574769959969798655455749869986686676679988679954546595486647975536424544665353433625621112
112155241125232422414545366368779847976988688477665675866977986897895579598945599877975878749458868484566649548992123411553442125566636443124
164654466421344132343623212647986569485956457697944898477758898687784767865954854956687988865886559699665797749711666456545346131652414424634
224636224143413514414255456444795797499584468645485476944949997986859848779799747886596679676869858865685885845121613134434535224363143156125
116623111442414563643266414315485854456764885459869574955884896464687599859875578458568599556499469778674778484422216526415615212523226312622
422311141116243614624441662423166555596874456957867595759964475844766649447685699669746776675499797664774784916555424621266135555431641543631
125614346631433615562452344621364877444749655574669469448669979484989765567497847975866669499869896986898957366426311234611425565361644365244
451366224455642251644114162225253289665879765449948576674496764697758957489486556566487876657576585748565543216414311632544631513316166311465
422546316664431353455244364223623456488755478576444444598997769689565969658488999857448474886599976449874423514644141645422225314644131131264
641351263135414665426656254563656116958999698597868645446554669448479469755474664698957745645755659668458165215264252621534633236652264462642
116516452456352331433225363442555461254645755459584897978654687569859574855587897597988468897597944799753122623662544111366631646465113136662
215413363254414361562652125151452516218994857468757456885464569966678489457869798997469459487589456568934334255246431153663432342224162632563
342632443323343533133322532166112624335866976487768797585479446844856684957856945974495975966466456589344231361555355231541154211615654625452
141422141123464535131362314165665425564257744897994997788795664846585657588685694998546646976874944996431551341531113653544133644635235165646
363545544251646142111232314433351231213329485444785559948455476466789654959899645647576945688966944744222412452321434515165325541512446434153
223536361142215253335326465265436354551566694844896674897588468548548464769856867797496799864844656216526466146255366412665632462661162543552
436644654354426653462436315624231535512214456587898468576649958986984498975964556579674754554475851334331224644362544125526422323543635565415
664112624454145441462114522241611225616624129445548847866846654589966594685985645944848685555754466241533345342254364651412251626443221236136
423543242352265414221315135431226165314566416675874956967978987597458469956765664787557495967964214652216145645164261211634431645555514315656
541521311612346433466613314343534131331615213588874656766776946676789754458879557848754654574974435153652653144524626445362211132255515212451
125152543411434452613346536455646652363541422667464464477695558568898899577699549965759587456812553551255532311635514111354134663656316566366
553316526432221245564564136135245513412525421645774555476676798547974979889648698886878895498336332524532261613543415353622326363565135525252
325262636525462554626562221655344563234335151421485859768686458996489465946576887847845757994335651536135655441662515352535113213251565644566
413363236165156232521563555266621254666652542411254946974457676455848489568596777449788864546514532444343664233161666625142216211311316356314
444555233352115332522346231115533245146461613364462947877849959894494694864974558589958686242442331415433364214142633114344456411231163665566
354151263116316333364163456144314654633626612323211699488778544695948458746964799778455462312522162644162116151346556325312531641532324232142
466425346255655513151334126554645653214226562136225455984657454648456996747499768657599543233112134234134356333364123124266411631613463352324
163642245243313514524654655454141151544131261453446345876548764766479546677799757584767551362452553142643442236253345644456644626352424425614
566342645151314523143644112366362344613552426353452433399554658768554684994657844857794531441413423146525513366412443355462351545453336451664
341216225542165535654526422624144261215553365151652266119767797878695599766975575984543633526143362116526363653442166154411532623645313353164
426411435252544331164555246243665661554221331412163555125898666666869454768949545998245521223122152422236146646264164515233222646432416342354
523625622334543363414112345426456613245511662554165512414185494897779794785564977962443323661156661351365636525442653623561355664456234222522
413533161652212141153623624311561241521621516664442454143638884747699984874697498952144654223114455614465322566521612436422453311446436211452
115564441251346646424633311445625135255336555625623546254435996899947987457598746154615512355141355146161345415245332121144641246152355634413
463341654512215615661431132366615536515245162463451116346146165498544656546457872354254211151125545356223423633553136424412411431463141124116
655455625552651655144654451566526553213454212342651444164266566864564948795985856213614566415614143323345662533261312654125432431561655365655
112464161452636335356416521414561346435535235641135333243135214957595555784888535521132641161144412535146422561565165413515562614643314352341
414214235155466346254522142112414216642366215113653135666311463395564886876862124531614345346115623266422661411425535264223264315532653635421
511646546453432551653666463234631141554164331616345235454653355349597647966724556436612553515141146542541422523131113253241326516232556515422
456515443544666244111333143323154621554632233151543425433311531564799474569415115552151435224154664213156512414665234522216561255466661354336
126224651613111442566251431221624651213235614615552263311232535564265654863152563455166352241623334425262554346221644616346131143236536242435
452343542121621123636516464261456614146361413625651416331646324533429677464354614316152544566256314316211235421545114333222621544163664616461
545425146433624643466552343514611511564323515454336636321216252512563478161341641223535516446662112225332352631215544413325651344424335322613
513364645423326433512133111534344156636154446513543333332312261435341474125143663454522155342331531145166511515164121635233115625326125164623
243114413456421316262154464612255136366615653514612635114536513132161562554351625412534134524354266663454433123114162251446464516453331424115
561565224253445434614452553531265246131511466363543416221124615313223644355366525262124521156144454331334326325543431256633144143516424461456
615322541134354443432436111214535456464454361343163432463521646636211445626321661132316152665455241352234334214562425241153112126316525634244
135414351145632313431253651315356455521661126466635343115555555423541641552326425516355611314544153612225113645661132645341355552641364443216
464342654356434523551443646653153155662441265543112443262464655664454326365663362655612424633321563421511423561361142224221666534265142213626
112454435555343331466611144325322313461113622663615561153245624321614454351351142336555223425153643313116134361646562121652126611322245551446
555626454312614236354211611126232135133511351412134552434463551152264422612114345652346331165326632556166644626656664641214515641113156353614
