535146644135143263644124424136332534246552352523624531516265365426345212255622444155635522654346645421342344256121554256554135254134333423222
236454632146223625556644442413345226525465524615153551541443654524344124356456436623322262564536425423441261245463263262526436662423332256624
643144415236265342355235233364144616312262121514544253534363243144162451643212666412242216621434466425161322426113154651333665216534612626116
225445223152336122152435621256312415455422236233512152515565531661136355226555213241254633624415321344636325562213314465516366232153365155246
632324436235355121462113525154114315356231435515131653535325341526162143431433165614635341145156642635341261656154126511233165214541345314211
643322561232112423663522334166152462553611355422124166563433665462425466563616262244321614255426426111623642633665512166152155512314255525143
252425666154365364262224141543663613635554562125661234333522133325542211614165154153444332311245224554556314623154163166636224465136125626114
116414514362464336156232663226221614635245414616163226631226433663546285462532233611254564222325264414364511133224535225235165253245544313461
636443441615322245614512361264454361121355462345526235623164363552666887266255115563525222425122264142161216114325663246262653463255155354136
314536641522311653334311466121641146222121345155652355236413343414334955762362252563234614146243632545255431134415314362116313343446256354446
642222353434523233411235121412416432621311366116621644614232566521174477641454422222412544651146655465614633614131436411423353433356426422435
264312111323251465466346462321546556615665452123611223563635455325955788859461626125546434521451431255635251651364351456326444443614541522622
343434161646535455525316265661546416654364533344532362114136536357686965799665452532322622546352651236214144264621162253344144315366265242124
614212311124612123342454435563364126622551345624141453136244622666864555897882424321116325525145452611523346355332332246235566512643521521452
631625111522615125213632432136654465252135526613641446311553652668568749778856522262551444546133244335324225525246421514116154615634615115546
636464531245425332122512526642522545153253255563541636433565226459745956859898841222351514154464265165244335555445415641556352322146435443341
541621222455431133132662523255644433226556541133414633133433476764454999964655566663112525156541452214155225323532642326341112433635343665544
255122653326243365642336112624141436343654161622635423563665776657897546689645646222532135155632622656363143546112223451652124244252162236635
142164253451234536533236111526431624626545466311136615441628568694687565986879564443314115235631534511116151463221522625661234414234156262265
531245256325122351131311132213413334356445546524312351345654946668744476788464446591416112231132641224156152456666316611343264362666631514435
251221323453513125546553333162521346642314523461415414413999578588469874577469598978253412545465241126266452345562131434126415454255625321234
234364146335611635246422126656533241154151124621354666558558649879858797779744746797734335361666525214164662443346313636156324551553421615114
241133455311463626655142441666432633343451222325444622697575576698459768689497775897675554211125451123366433636416146216262113454646315114424
366451566621223626163535263353141435125641334512422145758947889868997774447584495757989242243233552133141312232264545553451435133222361145336
413611513135214156442253413566436131323255126234215469949547449754669498575998547848858565463522616564341221635614522262142665365162554444423
522333314131543633424454265655634535366632514113214577996777679949598875667496764987948662464333323522515142343146636613245245655213451112662
216143341532552254243425165231516444254326665153125774668565667444868587556458897446456647234121531134226313143254426621556665122151326432635
416613326135445125431522216612613553166422512515138794756776759886958554746765564954878984421653366521331314616663652362331113234221516343453
524332614415116646414145445235221663354324241563549564945984664866447944598446955755686876641162565115663525534353645334625111166164632545662
645433162454655124422263512126663342153161314652866665455756998859585658444996887567786698779645256351646361611164262145152154223454626443565
225632636662634466622166546243416646113166551557778585687886574759998546988877644677975685466913431554222644356534664452332625515615552562622
116616351252521443266253664151354131512521335267545488947746977579597487949849986984586475557942326563435523322415455245156145223124512411561
314555545624431156516413531315362231316412321575969848997588579769966674759864448799799794684995661551556162346446614643534263145613431131446
425115511413212632124512126333561313166214345957585944447477896447979587864764847948579479576444912434266411216235155623135551454525461566352
444253633512264225622154533152441252423455674769467467569848648467894644498967878659468547656564744364122633645112466651461165533541315422446
541516466234161565163311236643214132255466796975578496987976646655568597745888584698687489879476495626565366444156553543513522446622265221356
325551266236155566454563153236456451443228889954878986999744567479584789974557599489747856747564679555455465241342431224154253234241365435443
223435252623553526212511162246335346324376496887956576948856847664884885855789564878594589765678566486161456163633155323325316642152361311453
114364441164224614314535621263641421115645699456879997995477894475884575547448955489758487869964846797456416524451411244316365666241136644562
611261365535141545631413223532215433637585898985958548949685598766776477688587999994466879465778688596521353565215425432125343536165335361543
145446462363344255151663456415611325157865766699657899768588565866948597646676494597646584598944979976692145132241162342363351511325235425522
113221413665156513313341541313266256898895695667675657687958955875857578558765589946948554644977595465596561566512144114663623455434515114331
223536425461422623636241126644134648868897685795974685797458696488677757758664665664557875698785896676659724415242552265425233344624311634254
624215643141251522446452661655246684775648846798577597664448655486784979779896598684446475669754779797958841411241121436535144146315351523345
366331344516664116454565635454124994594757858976944565987498799968786574554889754676685469448776887875584988613325524162635211133516662563461
626111341661251512266523545321267788566468748967987846887779754844785879998789455559644445655759569465847989666662115112642365234165442424446
561411664415616623425231433551568949558859986664894777759657766668584595484764549988768585585954585856486995553542115262636234632665621114234
615362622135563313525514545333686784777499554676595576448697975765897864695544989687549544788596764896456746789644555613636665266314314612431
234331622236653434636656122345497994669476757884787977986586866677644568769574585999658899555699885867668468789725242635456124522656351315655
565355242233112625346611621559588685685768646866696798745659479757665897557878985588997676699466547546869986446661541532123436152124451665263
411634664625532523513256355757564657477659569874667999578689988874769448966664594487547877976476946976888449589475553465615432225634351124551
324221456361263163262234216475857754875655994997796777946667795766878784457468644546846558878878749974787589478694714222661132155114565551151
246634342415554346226151565457945647958789978559546589769886498679488854694464998968645764588979467848547589899487951552225235561154615635155
522255515314655565562523696775449487779668569574957699855587949656657655569985689789698899659475454776946587444666779463425616145154443331153
355322446336561343551556748846699468759845766475874674776596889764457856685749595688787966684846956696676556686575999814356412212515216431651
622166462624142152226284564574865657775656747479656758987879684466867957598799978779547989969575757499546979756665977454623126543333522633115
314133445563252352562494976958698777596759664775597794694697847867796884464577494947658986695595849685977859776946759486512624335246424222515
142456143521666556465957857785965984957566848896487765594689854998945856748465495694675867985767954469499554574559775658533253535346234465212
242531563345136652655575794646979984889655586567587784965795747485844857896694596869644775746757477968958864559668865476445235634643125154446
445161342214665344689697497576999977967884446468968568557979566649954656544587877847784659786697747444559855458495976459749226442224312466153
424252246435253629979499757978587576454589464747785475647476774598754857469567478965769754857497879945697994577849794696566566115623466462161
636633443213425575556487795797498795655896545678568499778578964486846446448687699555946449745989887455997648686969669597787993246564612252463
614366411426154958756888957779668874879747694559557756666485465878575564569458686969746686576989764855964457995694987484897849141644242263661
546324615545538567457466775579655796654989486466887467556549498795477549884794499588957886695799946598997689497949974447846878411453621565451
266634313434174954947554567645764586455599487457547876954887564977897747864797747755787676897954587786988467996789998568697664946362134415566
613336622346758744469957575955959975479777874577966899999659487699677697994788847785747598484745565678746899566968765985758846744215441436642
221412622436674644494985865697698489559997978486574947884477774874776698469958844494864598555444877485895998654696449689499969455834522413553
623113264347549879495949975455465749885979447898648864586668799686674975697646556985646769768849586876696957967544544568989797887583226262262
654341522555487679558454465495585458467656599447895596545446587869768654977989965856489747995664574875898757588855468676677577459978216326441
626531228455876674868759799659447445966799975686496747449747977589995745879665747456557675655758765886588696964989479984856988569894554234562
654233169889845768477877687557989979899869765994577986888577474567488798849889799444966984774755664746988974799464489655446676486768553414335
411214235948897495758975949949556774695794659994976446968867665556466747566899677867964485549699788896778544695576445478746675979599964236552
411416566579684779779568586448999859867869598884849766854498989956889966868865895554687898569649455969477655894546888656457754866878314542646
463316426477755567799777676579854494976557957845699665855664657678569977545749464547989747897675785848844974749896454556548599956875515266156
315165563454449679776968496768757775595758985576578958788968479459896876485698568867564657459976947599555879448794874769867667968825434156334
263452513412668878644586756667655474777756477687675948987586646979584675486466776976649957545469776658757999576446668564865854587652364542255
351244656262255644744956455546487679957678778678964587696977699495658679756569594865947688488894776946878856854464588984989789891352351632436
265321531422565849867849645446799947589469495557447577549879658957849497887887867889944457456486477769867679845665984676649794466352152266231
113423564633642449785449498756969447789856984987896746444475599847977748954557848657756748998774964678648669846777648978968968651441232211335
125562144565346158646479985459947487675868799885648974858544996849674849445686556664445566549767474857499665575755797449868772563142554626621
435662256131551239765875455869975987994446449785558949855495545687967467598479798959954684996995955486689779768994956478766455332514122515352
213223446226534321996598794648465795496584788776975676897444449585999977957686976995499895677696859767868944477889959667799422536451353436213
366151252434354453284674698887569459455588984477564596776487484699998467677776448449475589755978598957766666979776985657895222164226526265551
361141145326215154619594654497465498989878597687899467658487448465655999896996457757675594788858749564956995544777977859444233143164241522512
344223411163323552214596599775898587986867877789589766694486475867656584988487957558979648878795479759865757799874566987451261255214151551423
165211665342643521135597844674869954655694767459757698796888849598985644475966644944854888645548666898648889548888896543222412313332261426325
315615224662611611243148959466597588456844694898678475999477979578579464488687686574944998777858756474854958869848769622266465425162445441333
436644262526663135463446946976975755976589569456668749875664598847999567985965456874956976776689888565747898598765798445316153613232633516224
621562362352261623133551355997646796998546566767968658684847658858465766787599644468499996866796854984499877464779863442344263564246313263615
234144312554314526342652114996656484496787876688778469486979448958879576584794896585498659476549789668566775745849441133142361655223141331663
365156151153135522441615243856855669664656678796868955889475887848966568488745988659449665898677446457688757955485416434541324153341635451334
225221152133312315146166354647587898447444666569668889946597499779857677489449968474846475664884674978548658899665534455445366136335131413624
324134555126161415311643166254999884665584786469894949956885448459676845575678575986877549948977886494499799994423224443213624131424451123361
135644362536333125334165345254598444856986557485985946745976995798566679868966555847767866867457964688796549947253366263415445422224261442264
223526465624331644222436162631347545945567594447666777899764958644588848644496978867785656445799887887474864593531535262246113663536135163353
124343352511354544514346144334235665955996586747497595956868577765598774764769784869488675966768484445648946621651545243144533162232343632433
112263135144342622356555515633435499444679874994867869876449775976747486655678584565666554995978877654467685344344151523236534663612512215343
415551454313313331116664551461365265565649468564755597798447547655454897787799555574878999887788786898495671155161265221442533432524344534245
313561661346324451456235261234634646665995676486667558685664659986888548947566777995856996599494779567766726665422412546224451342665436613254
616523445511564125124536562334266536479458885887694574556746659684465686895469964646947788579644468679754232365362536515551611525162113564221
451423165332631434666245151554325113499655864455557477654888994744794994466558899569787558644678779756455545264133264623455254123341552531243
615215342525315325151544546515464663518554745998556988858489649658664989458745784565545589569959758686652155646166242434313546364313634322522
215254156121555333514523654646115411453684588889577468845988894756878744668694744555899845886874694767336462544555163314164462456534361663242
211553524322661612543131441543515255455488984584466477695496475857789997455597887967868949957945566496422115631255614232244261444545553541246
114312453625234235435651363446615312562358545764588494489447687597645564659895669478659588747748464465313144651454624644554463622126363635364
114113312154564444141313332311646166152642788965995657864497944898899486867965887969545485474756969152324353155564111326432361151645434616456
252252165556651511421311225431126622311253696864677996595654499968686859664769965895785754974547685613245424244413653441336465144553345322515
211215161214346634534614353142122425412641236698796768766964975648565945899698949787487655866856462222116462324116615445542353443652433663223
256356464143635542551332535221444522124614144967564848865775896847585647456597889466476666679487464331216512234236641361452415551356116546362
634641523321663316632554116554661262566355131168954594765994446446688757779699878675788554957862322662663136531116252363365534144264612364325
653511544134656556533451452566626211543553232419894667468845498444797758767586964454856784955623544325435356232365244562215346551651444242164
261466526465452656241341254351366653312115415341444596989794597494486444866956776474964854699354651133213423325535161246325414464445635246563
351214146135531461216421413615535432363122354232288499964655588658848755798979445575896967951553316236256433153556633121131144114352345161456
665652155212636265364342315154163162136461342423467886656587599777575446684485597886546798446421646332661413521112552433542654651446125452234
533131413636243134265216626223354313431521416413241788447456679987784996846898798598599994516434654221551651625463141642232631414216321614653
154654132441222421333422152516124161621641461462356346649878748546884797496754749949879654615356463642213352234626131414565453132234616151142
326363223511563236143453642441233362655412362522512129844978494675644688445875866856597436653223441216362624665214143615255664452313335545214
314614623326631411545353334245611353411142464322324352698565584648556485996794699458765163455453446614355533614536552455465523615113434655534
524143116112425531333613246564332213664611634451614656348775488865457467585545669644895615345451541635113653246424513566234346665254266461242
354615462455352221155433333141431646625342241223446626666869544865985956557976789499525265212552364432425422545452431326644333142364444445251
636345421123663426246643646541266432453142341141262535366747778695978565666785754784122161625255351525135641264365233354356346425231113632243
134354363466146533334223641431653124455622516341612345445395849885987949666845669872126663235343362533642261544554166656632661662631446161511
643624662651645161352535243222525325161534536562412623155346987866897586989555769965345415344414242614246411611625243333222623545533641356362
331122611513443521253421256253646215253111554566463364321562598954677477697578957635416445255412216513542622123616612253555422363422241666551
154526142226222521311131522331345155636434351555112444231242378858649847698657494524136364516223631332346641423352642325543615613135223263363
336354124151555131561262624214432214165142346622431155541245148778987548577845863366163426354361224356115163551253631523214124526322516346142
362452655116341655165134441312436112354453614631454536424445511959945566866965652343411343346561565551444336444464513216646123255352553221115
361334541224511124124356256616123234622144431634641356334634231358468679598776462643625356222565333341441632462615341142552532633532663511364
464244611113116656433245134326521536153146155331214226435464451554969867598911614445512132263222264424321245132531262643421225442524646364134
452414536432211554634513556425441311153331114566255546341226516513767486999232422453111221242625313533442466436325614533434522115441563216515
234135443546461261462432434443612612325556113214616216154523434336546454842221215653645563262153446326262334513621111331645232123553441511622
121343513441213212252445222365426521654323165613446166336455443366137897424244631646622441663342644231312363416332336562634116444212142153666
244123156253263333153141565412613625433653461616516255222435542655416849354245314116445551114665625541462152243262154145121522461454331436334
254654233113466616162562325564465333242534225455545424661115341365165396221563561516321343565634254563235234552654365313653435255515166564446
131346211632222225213231661462136522264354124453351521651536516636224165132654363254541143336224442541254434344626212253235332315115151336321
652565653353341331154514452553543333325263512342651356254255245632133515216616313155533211662125224133641244321221242136441653331112564444515
466311433216442543535265125454532652112316463413245561166652265213336561665254525116152111232443651455263231664311612144242463345265416351314
235165516621345521235121341154132143162441551234546652463265446343265351515422146624312312463261512146455613225323446453166444116311621323113
456625541455311154423341165433213653432611534354612461356623621255424462452515536323415433616435652636411262535656125514641621513225214543315
544134155313422415534464363243613364345361164363356653433314644666165351631521245462621653113245243146144521562423536161154611564616623355466
563253525623256341333344144236532112422465252411454352514521265222466544654162632253615343551562123244564564215136214326231612434543544516412
