636435422542126424562154146412645633326341435443441334534256151654135266545212433561112114153621421653234516263161466253612363553551553436226
656612331451454445314332261522525412255146111646515352253364315566455125262645416444652153654264455164213316136222311541613152426655514314123
246141343213564334464161324344156613515321555551152465665314545622242411461562543163646222632353643522312555116512111432626332544464131135566
536243652135426122216213161526453422334141541245615322551654542525561245516215222256641113333615226456345121443413113166454643335255551123256
222342346344122415344122616134345213465145516463532566552626233242413221161451553441521244512641431115252213212524343645364253146143211134462
114163325655235425522222312162564161434353225316112456214363323621532525166243326435115263556635466663132464156351163621453355234423241324332
421542523243262415243533325451422353431556651445361614553564455155453454355354142246662233625551454422514324212462116121221112524335633325251
533311133354344263512623553263123314412461362626322164325236622112533256541544635261445512422322655354241514525361152624111113114652412641665
164164312364356363544434636243151235511113631412264221344363154454254685112544323465325113644244266563345633214254126446446443424443316412546
411453342162113266231541542136642315161416431512233235253431546214534585633143556514256166216531212665446524634361366414354365346316111141653
214213512516125261543141142323661664354665543644143412516465626511164464972331166433615536364456542456211656331311545223653665353141212544145
325422255512361422261113662241322251312321454221533155354244466356569657698162631416234456635161456611463123242414526425451245415663336464245
452536332544466654641215334124446164532556614121615545663564121136594566864623541542551124325546534613262461466625541541466136621244414333345
236562414452226525412643335446434534522352412241441512564113664298647647455446654454526151614323245664235232615456135425231232222465263231243
541554614551341363336653665651534255666435124462545555212251254594678967464755626352562554334364234625313351265434631346434516164336421562615
265223325132645656316341241356556545623566416324441416234633645645844959675457935343632331224211654546156451331256664545232561362412551213634
521661412256422631621633111134311533551162551325464645225451378496448867484944572126123642151532541236243143645413634562663334264156243314255
154622413454243212635545246145152165412561551216652324144342598657484999844969568256231435221621523414521243515236425366166126551135262233212
434123251312236113565234354554253112165642434322331515341327758576998646574779997445465225525264266651213616226311116243235156411344316661646
112314131231321531131463422543513262415125522135434342423695956985849469477949597771562566624541441412522561456223651251242162361561362213266
111561632564213533555363324625155462663463561354452164121685548947497545649579775448643623656266123543653166466123261662635261465444516115212
446534331353553526524563563425652662234561623461526661117776984766785956798849944695653426526346333625635343323326164613424412146565545644246
245123461331325245445226365616246354432656446552154335498445999558567848849884765866855414161226511621322632551213551166543365342155256132324
453442611336411541444413431125565415245621536531236425976587856546477957464765469444456362623632662231463561315144342245211352635315152434263
122241133563266241634651633431124162342422631514456415499687564664574777575984767996488626436643262162415151413234442612424541624335123651226
622655326462232634463535256623155516653513252213562267844888968686859796446657468785695943163642354556442126423162552423414421346556662234255
565641511455444664324431346215115412365444416541124847599976459585878896446775675894848646513151242564522221321363511125323353264141621624155
156255531261162153515252241213463632334566362463154644956595887966988696478594496669997574953415546211635225436412211445366643664431236325455
225444344513422315564111444213123322415346666552698865965875464747785778778588768876785585755116613514612236166264313415165225333641665634551
632652122521665343165131465454543466536143414652767846648868646796659946546985698985874948948244636414565232546461623145256123613112251236235
336512344165516265356466511113234553221366641647869849548484578565797555648777545476495788658951225214151466535531635563162454654265631542322
353453661541361143534533363225645646626632543695779456949754658747999864788578656974954555889682331662245334664145125635216315154245111664465
346444362412326216551324333643342452334335525785599584784874974558868959549644955988876598488779141626115126621551345355261662634614641125121
633665653413122656645163314166665311123456619589689994559878475986696668679674698966859564887799516156132161355223426252216211253321525652612
544154444213424554536646222436544136632315685474464779549678688967575965964844586866887649768598741343423533232636663411554211242154253211551
635134325465651151626446144511463665465164498798869678897774749965655677699567558479478588446899799656321215433332443642132615341651446244162
644112546244655311424152346464626222612528755989646468698674974977664697675488768777697968989484988561335342632461112664256241264143151411333
566565464564132262634331166143424514245595745586748584489958445865855987465559479775697776448876749472263623656355136444665225462151421524412
366236536516156466232134424166566331545945645596969945496578454565976468957678877889959694996894755688512645533365146345524361314625414415121
251444321612455412265442321666113322557994646996859489878644876546549969664488557876646457757694859997755111462114436634456532613152365315533
556156242445452363231612454314645436187678869597846574597554499544656959854985774778868458945978488488951514425564445311511445155564543124212
112523662111642362554551563454446325644496589699648988457658557997665654455659957445578975757667974549985265461323235413531233355536255415515
342315564333133154443525452644662528549487449496898999477778777454878979945978988969784676747577496588998636442341232124522362443611646652312
411414346225556246124261232514415259594779577489574778869445587474568566995657464869584568854794586979496795514355164152226333146151264633253
453326424422465332232452526251516889664596797595974687486778646888476698796688778689597579645476767999696957241642132155122324612653452222436
166563166264562652642445544425249847499754696596995546569746978696778696746749487768765874988579985649695747713531231345422251132155614541265
622531155141632244251151236211375694994648766596764665789476456949567794786595495765598594749449954898597567586565532616124551615146332366565
252152466346635152462163446235947664674999985575779559596848865456984979668764784588446969448848949498854654577454422241623523155551334142363
411414421352532345563142254145764497889558844984464856746475466884788785577965446568984859856988676569496777879915124521165424553262454252123
626335421515251435452553615169588948948758964984788798678659964964788656549646476858655596484587699747848464585563156651512636351666461141416
313431346146334243266465433445757879668576874568786546496884887765547559866986764978749784878698958494894696946968444243441514522452152541462
222513446554335535163626657978559865576484598765455868896696699494597448867685597469788488655957889587685897699446913511221312322362242123622
151135514243161665663525154997655845988668554647896676848768659444798458585676499495659495897945777454896448559898593664526546235153135133244
211225114661155452516113999755756889645759565674485878777894847547565877768698595755957977687658479797845685586597884535513452615253161643663
335413133321225462116157458499687878496856667687674855585496477994877454486459457946667468557446998485986499977448784531311564525424142563545
511261222222264265115169747678959868575566696588956594594876866657764868476467844848748549755897594989476987769767787973261415255242255611456
141366341152546453661445489549747899479998669958557888585798556744665594448986654955645459967485766766695874849949498895112361245252425633615
613152543136165254647556968558784747779777699775449798668596448594797868994849996555647776979598964457449696856595449486926453135364463131164
221213551241461563468749558584949795557749498968695859867554677784746457999489896764587795985477974984995858776555778688583323312526554331546
546245145344521245548944945657468497677687584995545649866868674847594678997976699984758849465458995567955485584958789864974211541532322541265
654562316625262525979788686568888857478557955747768775577764878995857645884466957666896667997578979787647747975864469688594523115133454545446
654234611655666144556786676568987895444547697986857466786969877796784876564467577977555544796499849988444446647994665976756856262544453534125
523453146455116668959964484544579987576778455454649785798689477656756976885985697645649755886685855465975647744644856996657667233646611513131
256434431456344595644787776585588646959594464795997747585887748454896978495597565845675954485894965766779575845494766494496965535444435326443
235324412135489554959446456975875444495588486769864595999965545857465599457744557747444447884478595645788684745556489879986784563214142144452
263455364654665979659995995769597759499945467464878884458777568854744775868886784966676944944589945868586444955787757665644566968341243511453
626443624616475477994889876856779845995649747586966566448489885764759545755566497574967455947796698499586464447956549779995947656732464541115
256345631144959856649559977689996686545898686445989564496985676955989896695786867849856769498584549845975686566449767595978677495564213116345
253521164965449646958949574545888544495744478557897757576668594464467887665967895948684674745959575774569584676774469479866486448565544213654
423145367677857744857585698758547998489669555598776545557957696597498598676696888679446998447764599456555665585878686798654964494688936521332
243361299498655565667595957554449696899644786779975746679855649545867449845775459977669647948767766598869985597568764649454657655784956543541
542232557778786777484669778785676755556884949778788977986689945988648778464475685744979557454987588478556455779588465569475645664884536612464
435131136855657847855569678444595694685694664859957999944649896455487599854667754868456797574659577565665589796675499485684676844589115315662
623612626479694476698876646984667746455659997795786758585977564989545847945746998676699699575978499784467679997764746795764854476992311165143
562652262328696799554768649456844884774958469847759498474665944894456984589976654477965485655846957857767677998567577796677576464445222435463
354445522431447498588757658568877488664894956654577677755555677887495758887944589549686747985478655966679778484746964577978449675355162311654
262642666244489744885978867666798876547869455988466676894466688785687566489446487578485664475668976457698857775948497899878565863465366434266
213325163443567865896969949749755958566597955464458497666956485899997495488855944997558567648968448995754545454497969565964945465531161636665
163415351561462497545999945465789749656454484848687877877688479774878557986894598545696486478765985764577949876687997858675496112145365525314
622555335465326187796874699688498744474598797857566577478897695895998655469647947977746656655597477466585589695594945674977581425361311642611
221543533434244144447545559746995678979748895745688957949596658756457898849989679574685948785569787878877695959764567664876852265262646262455
425454424131164111789466966856699568489745454758984486469969459549987974688459688877855997466999889689887876596458574644945243216124461164315
436622612613534551555565979548984775855565959964449996979884686596568677856558447986984947568854695795565595859954644778451656515326264565136
433164513255642544137979874974749744986968798849477665447899944658677855769745544999568887656448775698654968598688494896515662465544333123213
254621251332553322543974865899746489486478499596877656899949657576649877789847479957585644867954577974449898885769754774652424442613566266451
523462324542355361432185489575964776648887455686588848669645984644757678554696746466745669864675549456755664775496977455651626516234242624354
536263421356452611311317564747569574794696499978676485868488999767946598884455657896546674667869858964957755574756488461463444511145354261456
631323531615334413233666488855975648947764884945594496548458474969957676977865669759784794759497869876755694845959656322542341133363553443645
556444356666435216562414479449767579785887456449849688566899499566745785467796497598898467747674847997669555869549555622633553533424665356631
515635524544445243466266437789488677846979967885856476969596588798875785958945747448468857859966454665678954876964623512144621236222663232365
666464624414611413265215142584799699448474496944788499997876879849557768448999474987789649675886979897545495649945542342212523621235625552164
143613343544643251544454251364599864796445665454544475788756865547585656549474797676646875859754985686846567995942521522455451455361424335213
544416646545666123615352542435585476754986784656575656558576479976877974798486449767898949678546475457688778797643142626262634621543243411135
212325243666653551646644615542495975495985695987749756669569788699855688798589949449578865865967864564987666464641415565353251235613425343151
225555131123535136611564521522687767797794945796948956779875946678886994547454657887446594878447695546765649696636264143411214514445264226134
366352212631436426453246126155166797477994444768666546558977995964468448768896898557466968566946755859899467435444612154664316425133315252222
231112125465632661133445163551165545859995784997944989576574844665479685494699788698654748887645585489647855322265141632112236264616351441554
562425314536225565313455643446546548654544969859847979996896766499975577466488895878497478798487446695785475546565424646455422142522156226564
522246525323133654322353413446253349948597848664588999758577456747785959447987989674766499545855897966884535531335461541111613433453124156435
355453221545555512551641434252124451668686898777988996575784846877659674555668665697578554575454986564686356352452315551142563541444532565164
346563513524654612256225124553563243354889588559978544674476576656468687467978488744598664676454679845774436332562421634311161146564354541443
126655645562424264412323466355314655664466674487556586787895999658899459754989759874658885578445987459932433212615143632435424634366525624156
351635142423553322331255242522143154535778678554569956985845669649655487978568474447948676689784498976544146535623133116353454543242665421423
424441261416632126641565441363323345555587554667875568566546454458577548856949549779496445697689458774312524624312616534142363142254256622112
351622622642462243325611324211552344254567946965678675778984578449676498966675869978444589457475869635531121232224535253642333356534321625546
655626265536644645116546142143624633562152986465657769765677887999448698668564457748857446947465955663654211661142513443243144321316356526342
424442554352546253656232523125131346534453688458875496878795688996555746676674458464869447778576753541446336114614513652445553216412112344555
435636534662353615653124516222262533663554446798654467745664878694487664685898657578845859598979936532422633435644215165433226544463522226121
343555155443211452411522444556515243534116512754669795956875894564469444775887996645546687546786421141354452453261334243352415555161342446532
114536235125244632653134232646324514346346462557458798857455597466845555745967797648576988978855622213461212464563634215361121324361251256166
615512141531465156115633246254543264335312155658658457679875787489459969679598968489594698999462152142664325642553625525354454645253214266552
131336151226224422525224662461526444564566664322956864896777598547749456979565949447558587977256526231541165621551255546134613546563523246464
344525141333644555512162621444252565333325611311377978675495697844844696986564489449658745472611532662263153154111433634354544421454631634231
351611235123524355221541335323154312161535266312128496794477889996447968946585449999969484963416152622144251435263423125651131161326234315565
163365136213136512413312261626461433336162242334131696495497567699745889849948566666869665526413652313621164511134143131261422545163254441166
415316625353261336262321161635221651335554152234355299546667496499849769656779955985877586414634641642546322131162555164316235644531644251446
344331655145165456163415464143211652163641261144565524578897699559487759745494959648767623225633223352424442254355333441634512426465132541236
131666422245133465266524343555666225141613334415563161489797844665786894695846584785557361446426642136445223635122636461664111556556355555223
442252315246266114351652262354132326651164112453564155176756798554484588789796674786542434221336111666312555433624313531415526223465665514424
412636413444256511642636163631541612211314423566665216326785885464679599958797798494425365625615666232455511665461522412151513225225541131445
465344662666364452556612463236144512133136651163443316635557868749945874956485967695364413546435122151652253166654362133356423244111325233651
422616126245252351622464565562613544234116216143626243346396644896869467445478589444622356432226424253655354245512625621311336156465456525524
124645514146131444143662135616444235142416551425463434123348545765965879648999778854465155222221662561562215414243526515555416251331455452262
444312142152234622614342525352313334162212126564134511165563468447594489877555755534351134413452626343133353362514663654522442265331336522124
425212556446642233455526355612653461262114644525421214241355149445446459448597584556523446531555666466221151356553454652363612452535451323663
232242566314636533325266224211541634145156423651351252264132539447886854495647931564345545611632212666623343151614664143634245414351654111361
132332413265441322533545632164665146331163421621555612655435315477566984776478156661466156363212155253114433462566161253622215643423161416416
541131433345214234644161644611411433621314256446115121413365152268464596888571134642665416556212452544426665424252346364131421352643214551233
335135623653515545231135452255165112636126653525336221266315146334485888644824461543424431466423111535632616612111434235421332466325232123112
265562421612662253525641151264464521155541435452521454146123616113869586896435344554154442363565125344451161646552436156432326325643545265416
124516365331622126136164616652266246511511261661454535354632651211144466692452642361432361351151315565425363324326265224213354516346423313143
462435653351366316321625431551246554434334656116125124463552641353229564824513442353544261441343634251452621353441351415465622125145331353452
423133664131611544551123551131131153531433446633654543316243156655661574364441133665411413645425525414545425335661422614442115632226344644121
633443465364415364262513351562512261215334624366411451562643152463231275556333125364443134332544116452315313536143611254621546413342433456334
464456344262622356314352612124214623461462525442562624526314136525523414363214516661116265652323334111651453363344562344252233144126141421334
564426543412631631532161362565323414225454552261212446162144341466544532455614165612252655511624142122562324155644361124521453156322413223646
241344565553621255415135263123131456615544342315345323112464565165563363353134621614464235646315261664664332136534645635125631145535135255634
411435421115615512415161532212261221635311463523162654662556662162424642245146145146223534115112553364422151143364134111413644651331366235343
444641224522536153566164415626313441542224435651331454214563322134413615114534312265523511446444233252415145463462333246535415451464124526222
643351156125223163343146664154331442411442544445562451521455521314161536641546664646634563464411311666323412145135441265354232442243265441422
466154441251322265325555433546455146532545263556221136166335224133562425156541336226412334226532531166615425544326435123552636144251442621151
