363615365526625422214363643661224361215115535356513444145423625564311456135232531132511333146223256512516346455116212531553141422223663234432
614133261213344446362453232222413463566423325341361542521125432221311162652445311316333123152462142552621441122253455463553116554116551424316
333532512115452442543632256166435243332311111242642656653612662232552156256463441353541563233662411615562113353521136121424346642113163343135
436253642516636126534341244265351514611112664122226562252455332411524524132136515335211123643122214621234515555465556325524616251144223426564
411322525443156616622631531422311335545143341552525525465545656243461322353151411624561526665245662634622563563513241625661242446152456336424
222363433611143114165434526561322512361126424431443125512165425314543331224315635661433655333623631514424455254543255453366445256144154331363
154663365344444234234644313413526424252521555341133442631435165115354655642112634462224156615461243425354535415364665114223142541233151552114
334232154226243263525424556651624521141614235215422353143225554614235255312335341443142223463462266145654166665335643425353616321656564562343
352565224216341332252622534542644155225114456662145633223441222315254748516166441522431613335616643566134316156123244634166651162252616521441
243623566434336466345512214215333453354512125614423644456143662615465668426645655631255522431141253423662365111552351562334114142214241566535
611222122651445525544332141225356422544233621651625242335624145664357579453625533433231133236125114255136353564264543612421661333616661231123
144233326252523613431123625551612441533124546241526332364344421161874699568366526124112242124133423132236211225355351566124432611645232655561
535356666412116234542563553543235263646234435521446152435142424344764498974716361613323324643416615615222215636442453561566411246264266455213
152143341436626116325435325433135436156565536464644536162541453657549584878651446151532333353515566624134345234441243443421146434613532611365
651256564232535212113441665562552346251436613454263564352134356777768985546698456335465541512554121633145262114553123425163134662346516652162
264446415551316666146415141654254252152562222443326643533461224699984984947646953463125146146313155432562256624453253235441445252245431122325
663525433266655643532335212441514216512531626166665436164151588689457755747657855422352516514215336556262131536261214545361644326655221621141
454126512166526456455525113451462424142141366615351452546246855968749875769784479422131454124131341255524226115315236432616526224416211153145
211633532213466351526325314664162452314235446625326362425549885495489479588688677522514322553412425632642641214412213551315136344626524524243
414412421535166326632254256155615123324514442533334442266178999889475746758877756693654133311534436654352425234125563124322135361144445653312
364126415666121352136114551342663352613142216451326566252868584949589995899895678776666451655565346323413161551213615526536632422333136223536
344256334613364654266622525115551166543512131551556532118984675997497475575577974877636422351131626662263312464165324541644416515221441361566
533342246316444613216124453143142526565543651421623222647977954957897979677877998975753625424614362422363525114215546561235661236553256316251
235514551523615224224412455565336414255142563234314123779454456898984647448449677787965211635415414231311516252156655534615425151551265461166
535343624644263461361326225441614566123531241514221329968664569746754569546475749495954641316335126146224352612144666661566465421563341342532
551354445135335121446465436543225151466353456362525376557997777866667796897658686768795476314512156465462215321645416551546115623311221556214
241354562244636226334413643422466542453221551624225875584587795484959969779749457688458488225456314433236454326262613555461652534152512363562
513645145532262145344663216643353623636161154532314978798674648865485668678748977465667485723556654512244415241531631145344132425546642264333
631241566366353264164314531431612532464256364134574765448595864886485454677549484755796796866413463151663542122315451251125646525661623414414
632426153512262516141253526562326112432522656566559467987667554879745469746664588755786649546646556534215416166134122164562656212252245422512
633254456446421263645623212123133232211144416229789696458645945658854765654995869984997678947724452132514451561262465466236211353412652421435
266666314642352565265252151154445452265632141159897468757888465448979595957599998978644757768573553365556433233516235262625513231316635621532
214424313346131351623615461163626421126456631494968798458975556459448664756785975846457985658849164544345241655343343131333213442324546451364
613564125626113564254515214446343143331462314456547488459875446454947754798649474466667495945445933122165332462321361532165326566466264253446
423113556624526456544166535215313622262625385554489599446464859979958856669755858589544454774878584416553642516145264464545242366353164216661
613665136121644156524262324643425454415623495499657755886459776689868574788778788755899649567955659341623513424136345353646441634216532453642
344513653356522524553116334421324566552155566495595544749648956877647898958959989584569748644975759553436453345643226223264516625643135363512
655435241624355623435435445366621654342184777776657977695486755764899789554586568549987457778857448473616645615416125346563463216632624662564
433116651642145664221211525213323425632774875875785795778749849747785996666686549695558665899458984998612341361445551326214314451126213643351
332223653511255333632161342213253366117447587666887487647669686758569996786847455567874488459785467647732231433325324215263423613466534546144
341543623542263543251461216664324233177665844647959649544887968556558746488658977644588594954479576567972153312561236434235336414311126341214
443162613114554211146356622642336135865889958649655548945699896689787779856656874756964557899556667564897531525526153144646153452132622625455
433663126355636145435224561615522434849466777466877947574494476696445747949798457969984876589989978664864665262665264245135653325132343655524
331362155364521643435223165215416346897685465868789685574594476895857864997794666459667486949784899489545862645145252625263651423456643461613
624344233633222143354423163651245695667567775889459696859698559446465784965688576849987595476766896967497568621313632521355531534442565253335
545425214464444632213212426542168998945666659494846767478847768494978674557746565985499568796475966599654575536424132422323326321332115334462
534121623163126654363165125442694849646764466665866854556768699548555665664974649998756466457684566457697745595616643631143566626224511441555
554134462256634122125133324263577687444554547977947784885548849876559696546756565446746996858954987747798495954452332434611153552515632322245
626525552523265123633216133244655799457579858659566678988685665544544879599676644866455559888684578894668784668812261126256256512664236213114
453345115546413253312542235499774595697779978695948579755648988774456798765584867669844649998659695548667948745751122634442515631355445662646
136451125324456254611412446459699954548757797459694995444745696795975577744878567888479668998549595847775846997874325151321451265466433466236
411142241416231141436221355686457564994478747649667786554866474676475549856575594846895875876489975959747586884894915545121264513413665151415
343656466665433261215335495459797596969777669676545484799745657446957794764899785489899469969747575477468768869598492422225264146163232653632
316551613334221642365131969657796446765886745757548788577959654944454447494599984459967769646469755864757755597755566151541162425644345254563
346515424315615631654159884784649678446779585886978758694874588649995699496965665886754489447656468585876494556474444714415512545533616152666
635416516661126425223184485648969759747959579668496966687685644699578876694686854946446796789876957766684569666587857645436142621532652115441
251436236336133326525648768959489555689895946846498686998574446766596588946897485777976574948555679695668697784489787868422525211212265566142
233263565352156516266688886948676858758795548575965444567765848548675445679449896875487959648597888548468945667664659586912416116265423245425
213625351434162246159796978784797777949986966788564558679688464579885686987867586456899797686468477468967654498759868448481442323424653116635
444354214616264325579477699445855949594844599699664774554659764885765988747776879474888748948697674579965486777465969599855131243566525466556
261123431221112617847754478975454885797796476985875448464944485958657794796977479765848489979975958775544554745587868596754412465264355442413
115331222351554594696664587788575994776948457764776669657865768445589477494798596985565947784845986785684547949447775867485663651654511441141
614223144216254955646895878488889455798555586575976895477448998849875887647796745744656646944767546867965478969565467475757547332626261155235
135166123256539679447984744894744475855494667778987955448954656676856679558565447996768478659858764749748677978849588986646445743156461326452
415266531155267755887977857548587946685576975987886769578565788688888455946784494695648874456849596986557574896667878996485475986564145664252
523122651665876785778568469454549456758864474779577855576455448499967455697987776998597588494688996654686767667566557984458489456266642326132
365233362158459998984887746685964885785459984556458995798884597986578969996956946888687694486547966758859687859594578996997899754831613424212
422442315158885954869497789877544555987966847569577486747746696885458485745769654769695776989845966458999957947867454679956688855684115352626
153166436948669585554496586945656699787559796669969874959574457859776784666549848755787948887586875467489884598457497856989679949487344215233
446422644649755587977748588886886576849894959879799985854777845485945964745548977786867846685786998546588875978787584977866995545968514516145
655531584857848547858998685684478774885974985767468756785555456484499947446694476889497888754887594476448854675457654895879576445747786213325
132566155896446547796567666488495957689546567765687959487454479958958598458867875759768744678888846598859745447798844857879544578559831332532
632415321985546977894998488486495975896947756888575485545968895775676757576886786466785744674784847447679974676979944546867647845987665121552
314441255644776568755785889465557677777486447947674897674767984758644877798469948859645485694895956745456775845896468685657469968951115162231
252146666255476584786554869964776956759469767449995889798698548758745659886744687985486447748646478574899695545694895698896884746726233145451
233313142342669865555498565548856994557997965655658587477799586565879555646458578699468454966895756866577955556949479855879666946562421531531
641425161233455597689769669446946448844787544644985899645648845975978986786768987794696557869898845498996697658596687587555749594231336533235
453654111431145754967454979647858746895749897574676868688887876864656599895685978589895589548469995849989789895884679897559776943113564521554
423353315225211684867876778489878748676748647995558755888955554557969687848588676848877944874486956557777585948956668977968455155125656635242
634512353231142698875497898458955754899956695487496754999456667666877648458569694777749955748966665676674669854877969869586744155625226655566
232331533561322558674895848674945698555484444586676965555468444998584499465449499649479694877797467787447587888985446955946446334454224364345
633532525161312652676774645856544574487798465686665556885869554954458786787458845884787685556899664477946649589497548554895143226453516455135
216231412344423133545957548949687845758457497699858495496549748756477876558696868554459787967579496575467455554748648887771351655446344326122
416364656232363263424794884749797697467764575845657758994698649898886568975848586956559766976654574979996667475466568548944643523233144662115
555452266225413413113577569674465698869774796986796957986497888674476799857848447696579447985786497499989798598896864865216335423551143146515
346322253355553221526175869885664549745776558949857468647849745598464788556955747955558666547555666475976547799686967543353261246213354341624
564131362626113546155654546496744595464688957486647649856587598795948884876955794979778564969744878694889768859979445456551334222116356533134
212463553254354346416652748774488996864877964699655985756888974444855554786978784578677746847957588644879466845676648523135311111334625341434
545415534264514236445524296798675679885984977699845869966599987849574845468476645774487547574747797764996845789997854514566362133542553456144
652536525312612262666123235747866796659677554899469886997568895587874769648497667448455759445496647468546667976956745662216466456455255352425
622362164665543613463622342476785774965887445884886694659689556877964754758665785844859694445855598896548975698567355445143324362521365652664
623413111422252226345531136394494686794777877864585969688865969997855675659579779444675947747597645488556964755665622225464453535416446456224
363364232136256625365236354257768664958747569785874575465459844747848788845856985976647644586487745998686859447864545221224266326535464262122
246313261516432556311633366352669664466459444554454545796997697646745774759985669557797589577694799756495755558624121355335446116564126144622
644655114162661142336421424251146684596744784946596885799864467474745775547556564584967898486498798868645996893365424535266656635455655451352
652461154421341361332614136465255647985778995654796584846749748544694577944769446784676455485746779499844885544142614621433461264322633266162
552643255154342544315223422236253574455484874799658648759544856867486896798976547975847774884575449796547485256465645523112463636614464551566
645212115412434265133466333643265476764945844584546675844555698979844668584465564646599565868584759966595895433635456355665651334616613544331
223564655112253665654444522625146414487968556744998546658974887579674644494847565885697555445559574487674516151132651554144143366333625314662
452223152245551146545445422613413255988886644997668974444686697467855884765778644487974797598957575596978315665144452216645253336113252662366
514124144311145652466154226514364526299586588878995474848968966447947867855967479996795489559449458479472516434121154132234153161365134634146
255611432662526245233535134535462125326885574795849959576848668779458755589886484889755999459574477998753211322436214263222435321414252566215
146333423641335543561145463412225634462675777865774477457799647887458497884668564588458588868858895869511355261422252254565253235226215511416
144124234445125316254543435452125113265376948699548757866757484446679855466584758575795854484887854876626661116454336655225251454315543254442
654662336452633213246262451566546343512566447956985887598765884564774576897796765488457586764564457612634161252532633645455131525331326142123
563144653424513445211633323253254264454661864756454649677578987795687765444987895778879575749946569253244665512126563664321516136352163331456
224543132632516526664331355652623551163611494745848899956975494945585789994545797465788687484675794223634563256666135243526623142161416215626
421422653565233666453534123564233256655654424796547645698475996768979799858874886648556657599558711412646512363463666456643664436333342513156
635644335162451636545343214122546636654515413856788685758648594959984456885747697965589796864776631544133454263524163665655623524542126115634
616254645145231315124345525151343522262545436664775668696556959667568748887645964766556765965543462422324311312513435144435566611343352153425
265236641613415222154254514353164126416534666426464798487794946788789568845784496496649689596412423342615615552465461551613326455433121621264
166132551463233351456414114636612261344561213522796886984746477555977958999488694765476659654641455253332254422414265644366615614524456156453
556536533254221546565612422542535421636511653452288896494844887648555787964469949858556484465145161423325231662531155542365331315423114456315
351344654635143232264251621456124512163316436263537659767849989848687767978469776845959597725545121332353336345623342424423626626543216136314
124164244626524356641266454131246423554663466335124546569948694697564966745984558758566854456131522246534222441453322431313623656142553614265
663246525312663651364366223222311313431524443136145256879795685545494955749497754796465676543616465255314355512523212551164243311631663315162
354636255362621213464532246564153535552251242265666324488498887446855776995789798584575422153561524123541514331363315336245232412242635435135
346224225162663351213621463253664432262453144112615344668674595587797779566848576794475634246432623636223565264255666534262246621452146416261
613545633614152126333365252153353645324563436125642233657889776747975466645768466678693222624264122241624243561556123163216324116621211126231
543561422365664636426666332622164522541623344343624626239578795649764577667496445864811153345455611215211421122524424134261644514125124115655
145165251644311563354213342215114253156412256526434453342849466876554979686864796768255263543145116215543612466126214234664246253634634212555
162111234114251162652241544626463342213316533323664435235166857449765964694558794496441246314256313641151564626141456415563525562564535622231
553145521312535543352445524131136441551246544311656112252539994598984664549599496662454555264564542445225155232435333632156341511152461351366
213355413334323656124244411521524416422132362611213122152646855468764548855976668251126232466436621126363562153312521634133362526626234215611
253555632346611243422433415166365121154236646556326453116534554489876775484644582242365661663646641342546662416153413554433536361542541254244
653456544566224362264455422621436553631313544411413626656655345549857856679598531315622553436655225641523446624666322252644216615324454246122
465354615213644523336345613212566134353256166356115325621261253546545564795944232654323555621361153213546632165416431516336234115132261542565
561555644113552524325425541334423514341341166626265654515422414279547957679571632446421123111312124536356446123532423515566631415213212643124
634126645551242342515536652166363623611513562112425631646116342347958859898952645556626234136356644114441666544121526352413612665121611422442
462565645134454521363515342264111615551562463451362115263346111324669748979645155625153226513326131366414455532164525652324123654415223513311
526111112421535614516261134114346264131256111316431631414544243153476548665135334122614253352163333225135216414131653444452665124446356255252
321135115412415364115226456112335215442446614651144622553466555261419469424345243416661332553442456241356635614425355363153563152456163514624
533211255432252162226112645411214111166122116153646545313266524111464855162546542312316366313354326561356264331465414342441444534424564413435
535461623131343254333326334665635165234246622662411122335551266446366653333313656146462214251415331512322243661125154226253241554421163446552
525416552562321653115666122666424514661644221316313232161636166212612511123526145213351414565545326431363563436262645652111632654613231624142
145162424233212315516612566122355151625412363236266311365535213665431456165112241433145632425365615141355522546533366663342212335453163414551
322453165343645351523264322224421346333335233236633112165656614424523363221143361555456462516541412315166465136561332352541534443624226411124
631344163264155322445312411334363414522651166524116422261426325135153146356534156454462352221365664522154256614362651321446161322665325422412
133436555414333453342132661533215163552443411545523124515511254236642166341533461142332613415431326554436433422431626644124441655533561155655
231153612346353323536215216524452541253134462632421512415141566165422421412562336666542145656465551464243435563665163414263365112523212251225
641555545556151623343551311343425631621251321245524453343453611435125463161632146415546241654665261343441315622122435612465325414414631335241
