226125246532441255143164465521345664563463226432532134562143321234614231621226213126536342223632231142443125166616365536326161336161352315443
444214312546521524122516461424161362123631153242656335553344353144622466313161226416355426266144654261252112331124532652253646524623615562461
566121645151265631313552451444434432162461451354445533234321255213615623442636314514554352162452633633416164552136125652421514433233656665135
224125221665445324141635644155112644215422212226651133636256226451155452543144444312333532643135314245324351223553251111426451614213224626445
652342631615563551115542562145234665554665116325441463224511243262544311465533412236151516661216115414556415155444422612266232562542335651664
663443116122451455144166244244566232551452344533415534326366122544321322221443663234456544531523666326463245524265555141332213134554521636232
451452536432433356644261416215442431614641115336652123161133244223364356626214461133425235233361125114333536461252336136662222163165361661152
242222341641162131552166341352542266616243144534226135333135164116451242266651551535525365654346456414533366216635533661654663246421445125611
513423163324526644613562621613222663243365641225423251526543562331123746244224311316331242336615666441255441451122555544231214353352332352211
224212636326126431224563421644353521445255443454513515552161534654337474463345653235635512521255435646311122661662322316351141341121334645512
312336234163214544515142223243162664525535434255454562541455421323465678585523212266163455446263643216264641143165252364356334622551221353444
133315631234516535224444434126624353634313626134524233544212225315675757844656342111616313612542216314322652212444654134634455341425652635642
534513564633621451331131563616645633352331436156156266126354565126555795487821333561466421422334241624126125141435112433654224442153246522253
433453654114424142621353662156426363346634656423552512336565422655948577978544366236242111533356642215242544133436263522241652433234314411625
222321644315212652631245545313266613246424425352343361111663335547679597458599216132326465563143456263144553444235343243221131615423454631131
412224165341344263265531466642465431631316632334223613465334149589748994694947612424242563545564345443456161664562334154342235356225666114314
211335114325124526462636251156251566556632552431322532152642154649764648589688481243655645563452634546413152321413166356424116465455144566241
546255646212526144612423132433536541563152243123222416511266548677459584659958644612232365556333142513543356623656553434411656615511163612355
113433535615212454223415635556325644365224641633611665336366788465696494956995679712141225433611124221635261551322236112526543222165534315156
133613321516245562322523135631335213212346251255343362164366986647458884665696645441452324426342162132512452615412312614243165222152431166111
346315532564253232622462216516661234455213245466254342655649496787546955566878499789236452456344363122614352614413363336564611611131531125223
453654535446463543616314341614122313413552323631513124437985669786665896745667656867854213212321215621246336536644542255355254533343544333414
612223316146262241121441422565425352222113243511122246444957545956849894885658645779962132133431265651442636221212434563222344656126553665634
235443231451342253235226343555553264151355612221345435795566795688876497897658864444678646252552331311265265512515666232641546466512455323333
362541414321232454323154315553331156631241466334435418595599598646556954847649647896565963363264123315516525432224226623153611265545416464464
313156313524631545321633124231545566451665561522141594464667556997449459944854777494479866215333152444445533634242122115123252563452533635346
245564241536135424136626135213662244121631341452425784757587676596599658776747987994889858242424356625446215154551463441661434514633456331443
315524426145262565353334555361546222445635236466117979687989995456555986868858758585458866942643334121135465512315625551326655352534541611621
121561163461255525116555423126131655621551455625157446657585467587886557987478859877765964484564644414413552655646135255263623243235245165635
255115163363562135215345224236466632133546552626785755646894569484574477877975695977576866487621453214412334135121153245536631635653351511264
214621233451411342413366226642322434123442111247978446986685656756976596954646857976487646885651266216413525612316353266226311235244633624611
546412626124224431554231553315554612421222211574887799599558959576679878475669458876844498499445325432314626316416664643353625162513435626421
326154622613224612125416151645626646521152351999696679748554847575654755468899778674795876944458215424224366355241661665643441364525121213112
516165442331554513522241214362563312263524614465866787556846874587964589648976474798477685795787513524615211353241325543634311453162336316655
246363164512643534456322144541113266363115255957674654695697964498869666955769674885696886859654965146441331554254261612312134424644652146232
462143453225424116325461545314261211536565674659957599887767554958656957954794879578796449676784958233325662345224561364542143561562114651534
132332441323423323463422614156544542244314576676978894766476558459458648599775877798764774646644564523616635132165661411213153414136242516432
334114331552135141354443513362515224213364795488846877756758986785896965489486848864999956475975757841325346153341256226631664446335423546261
555232416512125141133542161445251126464464454974667449784467595654667586455895569579565498999956499994652433452324223556532265323636325351223
646366245365353161424263643333311232547998765785977958457898748885554699959949754948857576596477598588445442261112654116124326512364535513464
434542326164662626664413444346636215377657857788785668848654569669956554554866947758695957474884957678466454634155244221644621115253114415412
644651364253532261465443142315444223856687967945864568644659465996685777695755744997554448586675947465887636524133342163514325514421443145435
142214666545611664654241543115134168847757546499664769667646676895676777546999795867966948658744949489769641642525246422153631141552145611246
331325262333122436315556535544613668447679957669657674689489785966699766664788874454595487878499768499546956116551136613362245153544112253244
535624256136211321461565341132521669494677658666767488889674596558757895668497497976669475499887766747484654232354163166521511151251614455162
664322633515433435645316561244359499544647596549865975889868876485589587698964465984666546944459859495596785632655361324541345432233226433543
231444315536233325313322352451546865795548568874845848976684644675958587874875695484957444466547895569787576952164466441514343145524554426543
624431332364446653656132254425586584978466966685457748587965878576754786977769464958849686748686577958649565566352123536442654433322121666151
342236623233155463364146131436594485547777474647566494867774589659486895759446495994987674589558555858866746667621525342416532523426246522556
315231244145463655163464261295899595794959976549974476756997858586664649499684689498846768696755589484745754668445625514663651526222246355542
153565353255512121124545654795699584979759676676598565959445897567759746494967478967858485469958445566787696575648544146261145325513446464646
243112556261625444123642529666557588488978748878466499499574486657869566989676867597674775574857457887855984867544951514353264565122364633633
646541664246654316531226394867875594549564976445699575555477757577975764584955668947747965596799488564946879554559976333612666345513141414151
166412114554231134431466446785445684694546984454985866896876476595877499486958868458589797746665798575499788597658469326333453245416425415442
653442151342546242635627556995649465686955694557686585577485764948747657697457868946646498769745896657467746955988757635136363431416454424431
162313115523166444525164974687496697456954996869449846779866496597758865846875754994466766578899667994468987959557589481553435112226335223153
363635341615514365422967469886454974455544594685795897589479759899866948798959854688944745867475598658994668745596874555546663235545655554423
453314215524414554427796868598548797849745956966699949867968788774766759878746798985794885978796794894984765568748658776764344524415612231562
522243631116322634584788445654979869766877898785667488458789945758767765696584764947489889477496477757956688558456889995842441122431244312241
462621561564631556598685598479768486966876469997557776447598456947564944584458866884855649878744785568884987754976756846859263113233113355456
542556652425162365859566646769784546686488775965676445966879547567699484488578798989846685866888756699969787999848857755685535523112432236145
526413454553624497966656775567488994499597994896886644754779476964854469966994889598456565679955895765549487464848988896498885446631431132316
566552631326444468774449695494546997598946547477755559576766455575668497964684998974975879467749486697875897977697479464444999424466146436666
323123265665236767648689849859468698794856867979575599596967444798499956745576475947677777689965459887868474994478475684896758555226465365524
612523535353256998656467997459965547974646844486765688548549746759867978446976995554864455487498475975654874575478498887799948844231563232142
324655626221777949568996645759656689768794947865798557888744996494494956575555944984576556964495999796889747694798877979856579455561145266222
222666666437984994584857959655595674778774546446888449986566659855988685458776899455564885475879548658797889469995487557477869984466225216426
656412522488775684589875769547569494697778568654758589985457595467674497765795674796495459887948584466667699776654796878876559654845542543234
233112213484764989569795466488698969799875868695944847496469768744599879777556779699974754665889979997589575944578989655897464495556531654252
534116415674484566569598988498576978797999579967967975766764994994586448778978649759764555945599494788958894844969854778566475694688845146365
141411494666575779699664794794995466997579967967885489895887897657895575788796696987448567457859755558696765566965478587775884859497845131415
216654444798565488999655894668899579748547645997877945994764988695984454754589494899488586585876647469769474678456495979575795544656711464211
625241212698955669778459579648495694996869649694969786556459949496548847894465646969695997448954667949994865744776876475978965455874356143534
455445241368787959469784577546999647454774898967569984757458545499769957679696897444687594775878857956888974966599846945775864494842661541654
464136326264474665475995748456896779556446545879885784748755445494967847755748755477959976696696489477554747799494565669669546588553452345322
121245144551555668485887846698996595887595698848779546667478898974759849788454784567779654779445869774864986465954976555767494648133444416452
531622235355494494797877495744464884958589564587544795769756447556895467569489858596788468968896696666565549859489556496986656994555436161645
654265455555166474798674887965959847948988769677756464866894554647994778497968476695995796789868948476784969847544644479749474853536551442613
526644116661635684584496859599866769564476695666868668969879499454554888456446594784768798465496959745889947959646759586688766542624221654466
133223156331462664556794796455496458444559966594677476566564767994476685669954667785846958489877767864765496665659866476675551513615613441666
552134253533166116456576556698764964965756799957445898749859955557587799788986899478647944677948595745858567785985679677747424353264244646561
612315353342642221894986855797765699468677596548499969469955844975964774755875464546695648767686449457974555544484667946775533231125662651541
466325122331545152688699999485877876897669779794774854868458869495768444776589558784477755757447758556544796688587667579474565646314616364136
336425242212455614334967488695747779895547677688785789676486646757548978845598769959586468854557775457556477786596998844964256364324243564424
116624141346236313544755654475676486557897666448866969897786877764478469586659444649868487884577689945855795464849749885411661563633126425221
216465334331631545345695977854778774886547454875465566949546897498668954955669596464875866587866665448569686586554486854161224663534436235365
512124636234411115156617496947647655998746959449668466468465496488567777594597888957988988699569944664666689564477475925352135224141312366316
623461155545333552361442556656476949488547656678549866998455477845899688558994855468469875859899579665944477479664885462423442244564423241433
526513516315222544465524354999874496878597664647456956498777666799496545979567897985569688598798645769968694855688854515462522412264422112644
445422434616325116363616614595855478995464455874665447657855597689977948958696664657957799465775546689646775948556616152521536341463456345222
626246412363231245425346545776948956879558868844577984699695856896746894485744776996569444769978846754948857967874641541554145425366264561226
542114345466214634662636366466654665684869988764996599449864644494687667465787788875845966855945655477744595997752433443322246245236413332323
451263445142361156265233664469594956844948995896997657544847974978699456897585964778548866667747578645975476968553634136326433164615643224312
443252535165566522226211112145784747885648599499896794457754755995755785587686654898557567759898587884587448756366132353135642311263623341114
261454645553514113436564312315164687886869479489889985444785695796899955654984566965657989755988669594656497886254356514152326544315635361541
255561313214254416215354331436144766884579697947868584985674787844675678547659988594855554587887575758777476465321425432623226115566342363644
436624421615133131441224253256641489887499594865864596959489868545669555584575686669797998948468848557885889521465415623254543535312253643631
643462662663526322645465251225144249846994875766784468577768787484976586797895645549954449678994656588697846111621442315661646433316331431316
644515151453143666414626163651624427556589799549979569476569884645847959586496466669859679696959488758748522211535222143566445152631164414511
265346155415111351523561652652115114546755556544789766796869556996875887889677586776574577467694847694799352463434535621561245262255442336113
512415422334545166225145653263423162346578655764497795859587867774588547664579479475644864699764967586966651423431111524635212334311221646456
613333651444136261251652522626142224447465458954697499966864668499955745555656557754574659556456878669722634533532245352361334322156422625311
415432432561311566336645123312262151216554977675489447478879544777444497986449694997487489968867657588312233451333316242624641522312562122455
364121465113524454256154141654512164632498688569578546648568454968986475558469887679774874674895945983255614552543625123121252526116252234223
221442125423124226322413322124316125141267447878596675856758954445757677476876848587674695497648657445164645635455524541323361265362256415551
221352416122621126142245632612643134411446748648796444865474747845577976549788796855575747569968979152624124315435444531542435435325226411611
453255666165463414521624663622634156635111245867459888886646495957549754864696959698968566679858673445221313211632625131142454412555234456644
415136115135412555655151534465525622341244528779659875494956945786444455747454556989765685444657815332415155442343511136246664564542542646123
143155345363515563442465132513543461222541125857577676666658948946487765548549577787875595489849126324556536255345545245412624353532255132425
622645461454235642225225165414361331352164635474798784948467846785688497479445768988785499865774526562616234363554435435151646324656551156361
313311523132354226255413632662216115515145562244577797665444945956885768947976466796658764486845465256564255522563141255424243544351343366533
251155616144131146242636323326235241616554124526544957795668498947778546655475698484476549657143465114542422313325213562352434324444512622624
124613341633614232312235264113542164651165116554255554474755469474955594946597668649854787485215352253126221311151633565635314261424144556651
122356644251442144253545361311322452136644624251664866945779684995458554888598568775874666845615211254465142623512452663236246233325415615464
232252266432632463336241655234456544562134561466364484989764454565947474485696888878876547241524164641226532252313431242326156423343252564411
165345564261512531634465516153451153363165523331335178995785444454499574986968599888557894615112544313142521125466423452135153335215453651225
561162615262235113545145612114443564563231346346345537999479755969646849747495566886769865161116441324113622433462461613154255214426516255623
166561655351153341314263516653456351325166562423431452967645456449588586746554857858585322445556314531112521231561332545433635512444645636656
361466652654325235333433652323412522161636544411362254557959468499697976874744566974855531322524131354112525264111125326333123263262526436535
511666663455613125664331416516325256112521243641521243657446955884445454466479887674636112335633355216316631421664311115324253266445661356564
625543224346544123226616143153653465652152424336142214166599988858796974767487945789115144415555525312152562656254666423261325362663552235634
545613326234311452431463555151662152153256625162316464614566844845686986769496686665124533235434525312351166151331525522524321143545526121425
136233112261522321513342463225616156124456425321145331413454749579566858695678866646551221621516544215546166361463322242422361465446251234653
111651655666541254245563114622463165151666626262142634542241595548477488975949666342544443543261336626526356245562163613565433535515263552542
636436164426451216115155145151266342243161343162656121133246294948866996888955886444164246632455426522263432515454226632511242331142455531665
631333141561523111143352632411112465635621144345233253526413619999988649684575645611254345631346614261163615236246411653412516344234244151613
435143361413512521615654232635526166621161151125521625164623123957796768684797521312412465443355413622264314463615461551165525246562243216621
612311522516163316154632316165521561634425441324146234113446411685556666666886226553216253542662252215461612332346164225166612163113326443216
221346625616263644662214431352123621123665341135646331545344324645898664875516355236246133412422665464365662411126422543312435164215613415263
363631546134144534534423264226116124645366355254435252566311134555955567998456635336645126124152513311411422221116214634111613356366332515452
315353656251324456125342361316663536564245452323261464353561145536155484872361262626456344155241634142114651141225116626362651146166532522155
146142624453213316556515643113223545624621241211213335124514564226556796646364124556164632341243343666363453265564243625232646446535535421666
255624656351331432114542251161553411521444146455522622255632121514531777252446251611215356643563345643363262243665443522264156164245146666361
165421661635545455244555116244533264164645441132156353212126552236623673343222212266563623232522153555613431163351245141256656251622641255312
353533426156331564264346162421451363161652135455652423135233516446424351551656541534433654621351635612563651233412211421463633164351616132556
315415615664656166463362646145123411462452655311565216624432646255463432125252562566452315236554311155326663615163462645525236151263266355654
161464534554145544224635214341415455236554161546353266565634344463522251616343333242422454226364166634232354445445425313451524155113316142241
252165521312534534565431534324642452415525554566662565625324566224351151542544414632411635156511655365155361654656466235123236652566516326545
425544454422163363364543513162136361311111436633336352522336432631515152666666436152414622315523263333132611123616312156224163152254563211532
363351464145163154645434522246343252343266323462315625356626453461363154362125241655325243452654515116156451161254523411211256315356315451135
463516234655544322413346666113143326612213143145111455554444663422553632316413256524665565355461154322611125225634414651125262463155232345362
