152214332551363463355612231652533321116113245124616133442244425434532153156611153655424112116615452621542212154263423652252153554155324453313
235112446365441665416323131415331113256642543444544511621416553131636256452452412256515665644651456422641113346216441443332461535334515255112
654145414146121566463512662243264254323665564126111261451513331221353216543241541445144144631364453225421642335415652626341615114263656315265
612444312254531342546635134462454655413113442525443336151131521123246545231516166312126365333112632546125443163446236611331631236242646531161
121565562433364156565114565133145136414445343554262156451342451146441143332464332353652434543544341244152213626233114134533152414636325126464
355214542334513214261123611146233242556436243511364436311334531356253416264653346125421254253341645661523551651212153535614542535342121545335
446452653212315116114513523221423256533212216516655652515262352164653513361543221316616115143444535363236646423323364524334312165231245112366
514633341565142265431436323231612161124663324531624316164334166564613574236224422615316163661555616136154164522633261426151412255124514446154
514511216542245526425665253165462626653122362243113112554424624526616769143662351444331662635335432613453556464121115431666364426666153534653
242425264322155125462664513414362262244214422224152244266333541664169466753334531526655221222231253652225313265562523642621145126441466633454
653364124632462553666453126461535425256632126452635226262545152214546445973541145143526235563436256362411313651345453525463611433614146616522
121311241221361511414154533432452656325562352663124414113116113361698944958123422412252121422126626434545154546531443363546432263613562433362
125115256134616366153424564453644451162424166251235266121214251565676869778635522464625232445665344616331543131664634435622531141331536243654
316151365326526244431644665566214566554114422456614134325411435565865669559473636156431136352443423455546522353543333436244112156166211426453
623413635413213123121315453121664344536165132234615456541525162888797844886449435414524611255232614525651426421261564656435226565541211465412
352625432435461146551655316313551625463635435415446631524521518895487986646744745116422434441134232234124126654525131543335122355613141533225
116325643361231623244315434326534645526556554115361621661124678795447879566684794412463416566363432346363254615422323155315215145235622112455
565554255453456244126336425233335216364443233143263621634531986787797469584758669322243636111545311342342564314344653143113466261414636515243
133546635536262554121132254245641341152266635454362221261328896584894664895664565823352156145615521345641441316311614566465255355365241611355
111442153426655135432656216243631132153362245662641455214585454575568787644669947582135626135221623635622443342243211645456246644265316544155
253364225526543634625625445334226435514341115656233541445564785459779998845545498695314221353246623564342665642534631164341132635231112234252
231312123121544622235411563513551313264465325541451535655474649856889946994675496589445263464315151636325521515143513221645126432416633536532
555652533636424312211426445365565512136224155313654212678496564575599754756899966455882645346332156426252435615622665132335155163116431142555
521321242432641151113536366221242122133652352343364233564984677456849584667467864547844445511346644316152644225425561444526556125124325315551
251123554312562215111522355136642212522323546342266328695556854884447858746997778698744854361362553412151313645534535461312145466523443363662
343414516133612143454452233216143242142314326251466546554477476949798498445557855984448696444541333213111264223665321322151256263625212244466
152465534345132362525633224343144165364534542355312784696744867489768957855747599658686775512246225162125654416535265343621464421321624332333
512153615332224333233436643523213361442223322465636559689565844945549759768874845798894884436266454622563335633563531623231622534634411461161
165163426342422526135445561355564326643134141454476664687594687869575987758984679558576844541426561321452336212641154254114355122635446521313
526554455236664213162133154211262361461155511641944694897455667478767656476747876978854956949533223133653233416246433616463554163445642126344
536236241534353553622324461214542215332464412537986747866978596967495686798578975995757564786922363334262623565451415546164362465646633155144
463251242116661435135163641553446631333624534476986554558495469467844457685469864686968558868581441135515151435153432521556165354141624435525
352443643526434441236646352654533133554263536955454965679687444586667995898985986579564446749994664546644631113124546332355435226635114535526
441142414223452536644231436351253546564635666784554656568845497476448887657575867786579897566474545114614442323656364661532266443516431526511
136624446312442446661264156654562445321156354795959654865957578868556945497456695484645575479466762555535554664211134156521165624254534232445
313314441164531442155344452441546442222433998477978849885858484696796448787955768568955487464895768521326665654334465135153361524454126645231
456323554626415326662161236164334643243464694677655744676496869675445649965969466546996545748596447813222234634636412563653161132135413123641
465453234533514112254133164364413313253198968559977759567559966449995669547477976895759979444877879763434646465644112221623423316443236413331
461532522563542136223566266666342462151877686984658494868484497658644675589999989889894698688964786579555232555532566552562254416231134566642
363124251121334662223262213532245561268986584447998659958748787564847654868867466597847785764895466744616621441433132124464535131235456531451
221662344611662332323116656136221234456465599748786759674495764548889499546864498554485495646669589447666636613535243334662526441163315552633
323654256516664536121155241152513354688549757694684994649554545587677794665965587858765486998895795476884464112356522555411211616314512322136
165225536545535152146136432321521135444467579948767996868778798555747948686749497466997769799965754985647856445116436431225464365145242451611
416126151421261146262356523141553696757796897865448564856948695886974667759667475889454794877556784959485586512322264342411143253566634463245
115163543132132461516531413116655576898674794685884796548559757657447966987985767799596549897977589789844958616124354513561135466236413613532
611652426564516335155455616661516674698754968774994474556889554749795467946755876547857494675476456697586888444145525265121514515245222232655
131654564345653325156332122546665458948468469956876979976894569995688695565954656488585944668557596488555767484235144212156325523565326414111
564224621151223234435126352361575687657667545956755468787567787679566666795795598778746697684577795689775885778336531352622656311316436251664
646121614545645565664241465566867668789976644554668597956976455979494985797658585858574447966657944574497784899554513665251312314124653263334
355452245325413134364514463297556889564846566564668797994454658788859967578587456856746575886744987954499876597445111565611133514144151332132
666312166452446135414526562575459985769996456759896574849879585579799699466686448758959777998957678965699859897644356462621344434636124134222
321563461636425251262661364895445495456747956458765746996659958744968787588484747848586946967587869657654577798484823124215266535326214544246
545655144233416466514246469474555958584949547867658547497966744947569948898485974978655957455596976756545768677785761614422251543326125221343
133211342264626545512412976949846886974497787995879495874957485686546874565548467476498447854464468848956466877697675551525215142554412625145
112123145534152155231156877749846664499888768449877668486784557645767795446766657554576556488776846654944848887745447724354554423236536312456
415441521142111322541645449794578547497848879888488664444966894699766497998866756998447947887687996877594599876487988582666361531615626156612
561541352611654132212798485785455577758678985688845647968764855774577564559895776486774448786644595764669449879479659744663444451632631416566
543121426262151263326955975998474687897847499884986985598947758756645869749498774548947444796566777568454579654749559948535331444454656125516
125415461112363266495479847994766457497869985585867797676657845849866766784597559577457999554759456858898896546756695848946634545364655656225
566265421654453363894648694446766858575687456979594574486955579465766767677458477765568675869979745457758564977994476946468666335164554555512
241611151244525364947454874557545567779944487877679957597895647444779679669778446999555779544956578786669464997999676946967626452122365521411
553651425165134644977985545949594544574855584686889868964575955994856977899776666965898489664745565648957498589879787689777556234435535636616
162245645131462487446585878796655674864544797587846588645559577944589978764974748478477679866664469686455794488998898444998889613136561561434
354256562215565746986574745757984478559546647886657446944945858568577666945789479766669667565886946494475577585984849766867966853256154135556
415453542525388995849849974779888468495698796876755784579455979577946746775945686994788948895455989886755995486778954556776594462241223615662
233542232625467889475656968444874989796949849986869585865884976868579565545765575698675778667456898996898444795688967587967496698414626363325
422434642134878748678777884644455589588889874787568694668957657779856784766996495897454889948949594686495647794598869468448959494814131423243
336321312388455779669464956768998579485748996965558985866758696474595884646866978497758878684448449669986745458878848746565878766563266651551
425121236756647589868884995644788989467846796679456995846977888599994567658648446558445997695466857499864698969966785666694789946559536535132
336524369977487785985977564994746865544884887785768756759584749686954877994867555454649657669647465968656694565597664584694885997879466546564
434663284476456445545944758786766874666678857456995897696565464954487564777567446467478889659969997477766474948945494566489689575897752262542
266331246986655867486788689559997898887696758474764596977647894486654899669644984494758598446966577799754757554849656766896868948958522415664
211521213866596665745986959449795776769897955559659974657599484569998579886688578875689459975599446479579484796696547674889959794958333362241
515353334254666675495755445598799594489696845974546784774595969544887767699454854597977854576569988779959649869955775756656988459654413165434
534214356439574577997899758874894868997695484859895995469469687777444497996884669866994469564575898665955668686675895448584987467915351315655
361433634234796595594885885848899555695866766995958745446756785964988569758496878895948454979784658876747556445656667557774687444512624165226
334525544253287846969449966998858646555465984694765748875894589967647778674454988568679995686576995757556698774744655678476587846225135443121
155553232253449777869668767684995959885856554899584564867796575776496775975966496897497855494496547676799566489454587947647697721432353424111
656515632464266956799945665879445474886567768769698466659886487564665679995947767879799478776946765898467757994678884646754458131221315556246
451332541626532545976647887497795477867944686649668446558547944856648444985957568848559468996484964657859969956774897964876492316652533125132
665236545426522168747996989464585955545986876764577747849485487457766559588896596479749579875485679949598865648668678544659824151166664122565
431224255226361625476556869856744568768995455789799565674758786585566565568694447547889686455684774749558975698688666895588115641153562334454
323254463322621115479495786847454799874986666844874866694675774774559688485446874999895559548799856457557768868787447479972324364234434254112
345511255521142355237654464656977954566647857554466547477899966954649885895797466587757677589565999546667778684574799489422221145143563643443
651262355112336644232669859554659967966666495479964844854858857856648749555456888598766497497977664849799775658655785745612333211542423315345
544241256434323132251468785549699447675788894598459999445499664457956498574858774478496697746786748945464868699969748573213212662416554236134
264164253615645135644125796766484485495784858465789658778776874766584944986957889797596449854994875898896846886587798612513322565361542136156
636566636146345462332533658857956897475849687758857675448888754987565654645874765775758499447576769655984987445857449426442463225613534653615
345313626351535111346254687884674985866455578458449576695899955646569475475745888994747657785579567668758475469884554162142413621634343613334
663441263254516344121142326946566975645466575699969885979965677799767594779485457697756679549845565448795949664854946553225525226451462334255
641513564124156453516561661595859878885945849857945687465868679677978858889448545578787786899594988675954645679675263331155331664536315641546
365461262312121215555251221469588458596954979999985757565486976557457766978788986449574477988979979786786589747942311221522114264561156651565
446544563434633436543314452314749766586969447597477645848944784879744949486597887769587456874877959564694679557411324365612212235662253642616
161513354222554355545611253253844998477544948946685789545784954479499559468845858778859474576558977655769654755654323524222252443332443264216
155525515261442313333145662255466685595495554845759599994854968899496954479854496469597574489667798954469555486543145436265556241222134565155
441215646611124353156551616515669955597544745846458559986576546994649858779689786945654687886496649467858496711533124144511214422156345464615
153433342526435313655111135543444757696795655689585548879785446896578456488445945579746986958447769684958974461415163426512255253266115662463
112151322612454344515444123653262378768669977748486759859996578858899894874758689659865794744856597969558863251635553452362426224261135231253
355344261262654515415643311543233148648869976899784589797785545765459768855868547649978858574685847949689413561226324244331346233251453346114
531165141536261224463446156366446121576866988896788798467784589474597674859775777768664889677499759898467354134222656616132654646163421662261
425432565126261461624314436136554314565887868454788797664694666844458556478867799468756665468848884446691143641162315624533651365253522514642
366411535464234545161525664314313541234645779489595986875994949477545866969478954787454549996646566849461246224353641153345263652122251235361
213315661335144564421424665626156242412555596774578576995759889766945869596949766845788674547444565586531323551641321521433235554122152646641
166244543563135632531125463255441524333557849868955498667668847665678445798968946889995874444657655565451366614141526422432541434125442131244
565513355166434324521145136454641443361656487599958596547644475565456444458648945777784888679449774954534326133232323425561626534562256516122
524634512262155632441332513544362521516615744865996878579868986577774756455748868689974476684984857651653344365321142612661326136366125426136
553131363562425435644526613215146151535134677645597956776475586547449569645949559786557859489984955325634313325364144431121365244354425254656
565424232641214242343111214656244531146252616768898887865545745865647948778557695846949474878787961124132116221455565246251261655514356162233
346553541564331533331263164356661463621315614859557695767795774699589855994554594897784855755895564246213251653521411311653332135545144422465
221543132662411552323425261454543612323116665665587487555677979888665859747749577985996767885784242414433255433624623631133123536566441264133
411262162555465122221665155133512636253126343117496744668956675959457486795757999894887547468721245215152431626643414545514152664444442461563
551465232431545122564144631666511164524553514522867579849978766469684487697694584645744959598316453536324365326545123144245513651353564424253
222153221135234321434312531452346642432345366266556664644574455554598499894996558576956785554332556635612334211151526522122324342266415112156
432461156155315122213133224441331214566231445336634555549865458845966556897794589876985744914625223155263423553254654656325226126613543465236
362424224312616326151622435364326536362626322531135848484794495477569585875854995858484777346441556454544635364213234325254266113451531416514
114225533521656552256324366435241162633442445245543588989474867587585956949465667495997781236323522155644552452335445244522222415143512413465
131644326141354636131245265521262255235616435532422425667769466775975448699877859876769531445262324311224323554531552615354131346352561145136
463456456151211224322325333525662223426522323666455141767569489687689847755877468464574243144552641622441543145522412544225565312313233314145
222551536254346424565433221243311222625245635252552124264779677474689855855968647994761251655422425235151414451255131232414623152112263423121
446335463224666121551365334426521265542114662116622366324854694688568978559559674787661653523143226555556626654426155264625612413164556635321
612424336423364512336235142212256655466163414513655545253488877666597479995958745649321256316123456216124335532612426211335351446635111452655
223515534616213666551324534254663342546164352132526526541688756794846766997978647782651543463115215555634156535431641212242632531336332431364
463461434521425634415452534665655441121663415341341523344637687986895897978467547652221414153241414445561614542554431642425331145125512466511
246265211364252365663623364243414612626361413226133215511413757584958867666879765114232516221662221525255614536551341226451131432364222422435
442522436263366114231265142165655155515225232122135354426643465644949449565495464541212561425153625631156454244644362425542344633515111453613
235232242232125545551643366441532142625333341226245551215421424499568896584559411563126522146464422561426511665521211351365155313355653352415
225356243356661465546365261615332126153643425454655161223541112655586894666968566553524654124214123636414456634422155665412255415112646265465
131235213556226136654356644342336664541562646516643633532352626354757854689682361243251552234354614416423325142325152642424145324622322315111
136545345356432416441634561243316536412526561216625144145363421525549478486954124213516163613466636365134663625362312644136152536431326326213
451242651423424341613552542131636454452616114513346652113345252625546978556633225652236352356532453234141413442325136516246641531241643132315
363152161411533663666342515635551322433242163313155354653143435221345495663561435436463445114542231354315625463134423643421431231153563414553
121665346346255662166141154233546121211245331325245343625213244515467546442314115523213332535455621141333314136453113256246652542555444664364
644254635525425145513254612341232121155263625556133514525613566235526748362356365223111435634125625121245616541456123126314153434153132663462
146644524352134252665326326334353465342634353465155126445464264435224476645132541133323223126443126325553225241142632164352454443125126423612
662235433322263261533434254442333563266151325354153564315143556264242515314666162433323131343312656334113133434635516465151146224521434164325
152345456264664315331142361232526546264625526123124516523221614242335362425456233113435625335435151325366351342252614563412316343232515232243
316365536321123314622341656236562335352121246423415416144212226322263161356455441426443243421525416351466515135244236335324311311616115221346
633224152313546244612526446424133634162311331355212526643433352164626263413544422224414311523653146344625634523246221466341542113613313522245
666623656554223253524634632422334353616245244463662654345116556134224412544421231163115125141351555524321113313316164212656115354551146423651
263353244113635526114166152411413412144544222246256513446354523141221141112665646451334231432211443621363561112134463232233665411633123416243
166151416322243512533426521142431553611536512532666426331513212551534661564262631313642231455261331263663646334333324115552223351211343546341
