Card   1: 70 90 76  2 66 54 44 89 17  3 | 42 66 17 94 15 54  2 33 32 19 91 41 90 70 95 93 92  3 89 57 58 76 79 44 60
Card   2: 81 17 83 91 99 68 14 57  2 98 | 84 85 32 94 61 40 81 95  2 41 89 83 12 52 68 58 98 54 17 75 91 92 90 99 57
Card   3: 82  9 77 13 10  6 64 71 51 30 | 31 62 10 39 80 12  5 82  6 64 57 84 74  9 13 51 61 83 36 35 29 32 26 38 14
Card   4:  6 69 80 64 79 76  4 51 11 53 | 76 11 67 80 24  4 79 44 55 37 53 69 77 14 50 64 90  6 22  3  8 75 85 51 23
Card   5: 45  8 99 57 41 97 13 91 56 15 | 56 18 27 91  8 45 14 97  4 19 76 83 99 89 41 13  7 29 37 57 61 12 15 39 70
Card   6: 92 76  5 14 97 11 35 25 20 26 |  3 84 50 92 60 52 10 14 58 45 76 20 25 94 11 97 26  4 99 74 62 63 75  5 56
Card   7: 17 91 88 52 11 65 97 34 74 58 | 88 22 34 73 52 91 60 69 74 54 90 29 13 97 58 11 43 37 17 57 76 33 19 26 65
Card   8: 29 26 21 15 52 69 23  5 38 17 | 54 30 23 29 81 78 20 40  7 39 63  5  8 24 75 16 77  9 28 99 72  1 89 34 53
Card   9: 72 98 36 79 66  1 53 16  8 30 |  4 10 21 36 45 72  2 98 18 63 99 53 16 66 94  1 38 69 34 50 20 80 29 23  6
Card  10: 87 35 74 45 18 91 38 70  6 59 | 35 15 94 33  7 87 22  2 40 26 70 45 61 59  5 43 18 77 96 99 81  8 74 80 98
Card  11: 78 56 20  2 58 26 80 72 81 35 | 34 64 35 59 98 19 65 32 36 51 99 68 12 67 11 66 62 70 93 30 48 83 24 88 39
Card  12: 89 58 56 29  1 35 93 32 27 49 | 30 89 11 35 97 29 41 93 77 42 32 59 96 47 46 84 34 56 18 48 91 58 94 52 25
Card  13: 98 94  6 61 28 44 29 49 81 32 | 61 49 47 44 84 32 67 80  3 90  6 19 20 92 60 96 43 33 28 35 68 52 45 78 29
Card  14:  8 24 50 17  7 31 85 20 37 89 | 98 24 28 64 58 92 37 32 57 56 96 78 54 72 85 11 20 35 75 19  2 81 79  8 51
Card  15:  4 41 37 79 23 82 46 17 49 25 | 22 55 20 39 99 66 85 57 24 79 32 19 51 67 56 76 30 46 65 17 23 54 49 92 38
Card  16:  7 74 66 96 52 35  1 78 54  6 |  7 17  4 33 78 26 46 49 57 88 64 50 54  3 23 61 44 84 35 21 27 94 83 37 73
Card  17: 71 59 53 62 33 49  8 35 22 31 | 55 76 91 53 29 56 70 28 20 16 62  4 23 42 65 68  2 96 77 89 64 82 61  8 98
Card  18: 45 53 22 47 67 51 44 70 15 18 | 94 10 33 81 30 50 75 77 24 35 88 71 73 17 80 32 41 57 46 78 85 37 13 63 87
Card  19: 77 37 48  6 15 22  3 49 63 53 | 29 36 51 82 96 50 30  8 72 24 80 27  4 68 70 76  5 14 23 11  9 75  7 55 40
Card  20: 87 59 12 44 96 83 73 68 80 30 | 69 10 16 46 94  6 88 78 53 13 47 82 15 36 52 27 60 86 61 74 62 14 63 72 85
Card  21: 26 25 97 21 54 27 74 28 34 22 | 37 69 70 61  5 91 64 78 42 39 35 19 77 85  7 63 36 40 43 60 18 53 96 82 16
Card  22: 12 54 80 85 34 48 67 62 26  9 | 10 38 76 49  6  7 22 28 66 99 96 11 52 98 29 13 15 16 74 78 93 60 81 75 53
Card  23: 80 83 57 20  3  1 19 58 85 81 | 93 91 57 55 22 92 58  1 35 56 20 83 11 81 80 85 23 98 19 73 90 16  8  3 79
Card  24: 65 48 95 36 54 32 96  9 29 86 | 25 79 16 19  2 29 93 31 50 64 10 95 47 90 75 22 28 67 69 60 49 21 11  6  8
Card  25:  7 66 85 54 35  8 39 41 99 23 | 82 66 92 71 99 60 28 25 56 76 23 72 64 93  8  9 41 61 68  7 74 11 62 46 86
Card  26: 35 46 16 56 67 41 76 52 79 40 | 16 59 61 38 52  3 30 65 46 56 76 22 15 40 67 62 35 71 79 81 17  4 41 94 86
Card  27: 84 54 69  6 47 38 19 99 56 22 | 38 88 54 42 26  1 66 94 90 74 56 25 22 84 58 69 72 47 19 28  6 99 60 95 57
Card  28: 44 77 14 98 15 38 28 97 85 81 | 38 65 28 61 19 77 80 81 44 95 14 97 42 71 69 23 99 72 98 15 96 63 45 67 85
Card  29: 27 19 44 53 74 50 23 60 87 94 | 42 93 58 73 17 47 43 33 25 95 24 97 26 61 83 15  9 92 31 21 79 22 70 80 90
Card  30: 13 51 99 47 87 60  9 39 34 96 | 97 50 70 41 59 13 36 89 61 17 47 60  4 87 20 39 96 48  9  1 22  2 38 31 83
Card  31: 47 13 64 74 68 63 45 56 35 14 | 53 46 76 95 68 87 31 41 74 33 79 67 73 96 94 47 56 92 58 59 50 21 45 35 18
Card  32: 98 94 72 81 18  7  9 10 83 32 | 68 34 10 62 98 71 77 52 18 17 14 46 35  5 65 32 93 84 37  6 11 20 56  2 58
Card  33: 96 90 93 62 51 30 92 34 52 78 | 25 18  3 57 61  7 30 51 81 15 65 79 45 62 27 96 35 95 72 34 59 64 39 98 93
Card  34: 79 73 62 57 25 54 69 53 26 40 | 40 80 31 84 32 70 79 52 87 14 92 53 77 22 76 41 45 30 28 90  2 50  8 19 59
Card  35: 55  5 17 46 85 93 75  4 89 51 | 69  5 85 27 59 90  6 79 75 16 45 32 42  7 38 74 43 50  4 51 63 33 36 98 47
Card  36: 31 73 60 76 91 97 27 86 61 79 | 79 97 20 51 68 31 17 19 95 13 40 58 47 99  4 92 73 33 61  9 12 90 22  1 60
Card  37: 80 54 90 15 75 38 95 45 72 20 | 85 44 73 71 22 11 84 54 47 95 69 53 97 72  1 46 99 40 12 15 20 27 63  3 23
Card  38: 97 65 88 69 15 73 52 79 94 35 |  5 33 30 89 51 17 61 58 56 19  9 39 37  6 16 60 87 86 73 59 75 66 48 25 82
Card  39: 21 79  8  2 38 65 74 98 43 49 | 52 84 11 24 28 64 68 58 93 15 13 31 42  5 81 79 98 53 92  4 59 35 45 12  1
Card  40: 34 75 78 70 94 14  2 26 42 44 | 20 42 36 74 68 24 49 79 19 47 29 97 91 88  6  3 14 35 92 31  8 54 52 83 23
Card  41: 62 79 49  9 63 70 17 24 97 20 | 10 44 39 52 18 60 28 81 53 37 43 68 64 42 22  8 75 66 57 85 19 26 90 50 30
Card  42: 73 70 61 34 56 52 53 46 30 68 | 97 12 57 44 89 42 59 43 71 98 62 81 45 17 36  6 35 75 24 11 23  4 13 92 93
Card  43: 94 22 98 82 11 86 72 53 50 67 |  5 83 16  4 92  9 54 41 33 39 57 34 37 55  8 32 17 47 63 21 26 64 73 30 13
Card  44: 13 26  1 95  5 27 35 19 98 39 |  5 26 13 31 54 27 75 35 64 43 95 19 98 36 97 39 72 99  3 42 76  9  2 48  1
Card  45: 44 64 98 46 21  2 51 87 99 41 | 99 51 21 26 40 92 10 98  2 53 57 41 18 48 14 89 44 64 12  8 46 36  4 13 87
Card  46: 36 13 23 97  1 40 78 84 24 69 | 36 24 23 78 68 31 89  1 95 50 40 25 51 34  9  8 84 69 80 15 87 75 94  6 13
Card  47: 11 38  9 42 39 73 92 31 21 77 | 11 77 56 38 18 61 52 21 84 46 31 10 42 19 39 17 94 48 89 92 27 49 73 15  9
Card  48: 53 70 77  9 51 11 63  5 33 50 |  5 21 18 12  1 33 45 73 53 23 69 84 56  9 77 86  2 32 14 64 11 15 19 90 58
Card  49: 94 25 56 36 61  2 62 14 85 33 | 88 85 92 26 46  7 44 62 55 72 89  2 14 56 66 19 36 79 90  1 25 33 61 17 94
Card  50: 88 42  6 93 58 11 87 81 61 44 | 87 59  7 77 11 58 81 19 61 31 93 30 74 70 90 40 44  6 32 42 88 60 14 20 75
Card  51: 50 43 21 26 99 72 16  5 41 95 | 18 62 81 11 35 78 38 27 53 37 48 85 96 20 33  1 47 74 64 45  8 61 86 66 51
Card  52: 34 97 73 88 76 78 64 77 44 54 | 76 97 52 73 77 78 35 36  1 44 34 58 79 64 61 88 81 32 14 22 62 45 38 54 17
Card  53: 41 31 84 13 49 68 86 20 22 66 | 89 90  4 33 84 73 91 10 79 98  8 56 26 48  1 29 74 40 12 30  5  9 52 69 85
Card  54: 36 62 26 39 79 73 86 51 13 42 | 61  4 46 14  8 88 87 97 72 45 13 49  1 29 12  6 39 77 93 18 94 81 10 22 28
Card  55: 67 93 87 16 57 97 34  8 30 94 | 57 18 91  1 13 83 46 16 85 34 67 86 81 64 33 58 99 35 97 98 39 14 38 43 88
Card  56: 97 74 29 70 71 10 32 33 60 83 | 42 89 83  6 98 23 34 14 18 78  7 33 91 76 41 74 81 87 56 96 65 28 75 44 85
Card  57: 26 63 46 99 21 86 96 12 76 60 | 60 37 18 93 78 83 51 30 95 77 73 38 90 13 68 53 24 57 99 76 28 42  2 66 46
Card  58: 13 81  7 70 91 44 62 17 14  4 | 58 67 37 83 48 45 71 17 61 89 55 53 46 85 79  4 24 40 93 41 74 99 10 13 81
Card  59: 25 34 64 85 10 99 55 15 50 47 | 82 32 66  4 73 53 29 64 76 72 14 42 84 79 45  5 87 17 67 28 98 18 44 55  7
Card  60:  9 83 22 45 37 94 39 28 96  6 | 40 13 29  1 33 43 11 17 77 30 58 54 99 67 81 27 72 20 47 87 68 91 44 10 84
Card  61: 73  7 81 11 88 98 35 21 76 24 | 15 47 43 90 84 14 87 66 95 58 51 59 94 35 30 29 46 38  2 39 53 72 20 26  8
Card  62:  9 38 97 12 45 22 18 44 86 23 |  3 37 92 16 15 30 95 11 21 68 42 47 34 50 99 19 32 73 52 64 57 31 41 89 25
Card  63: 92 26 71  5 73 14 87 56 36  1 |  2 11 21 35 15 95 30 51 53 29 64  6 80 81 78  9 86 40 68 85 43 70 33 72 45
Card  64: 20 51 82 75 22 18 37 71  3 53 | 82 53 71  3  8 51 33 20 21 37 74 18 56 14 41 98 63 58 86 45 27 75 90 32 22
Card  65: 42 60  6  4 29 89 74 32  2 23 | 23 51 61 30 76 19 71 36 29 89 33  9 68 14 43 21 70 79 63 53 87 95 82 92 49
Card  66: 71 17  7 54 49 15 66  8 73 24 | 84 61 56 92 58 63 35 80 79 91 59 43 62 57 41 94 74 93 72 86 68 89 12 60 26
Card  67: 29 96 58 70 41 98 17 69 54 83 | 30 73 36 10  3 15 87 85 39  5 14  6 24 28 38 79 78 97 59 84 62 66 22 89 37
Card  68: 32 40 20 30 59  9 87 33 26 47 | 73 47 26 32 29 59 33 40 25 20 96 18 30  9 94 72 48 87 14 85 79 63  6 82 35
Card  69: 55 24 21 11 38 43 32 33 97 16 | 84 97 38 56 60 21 87 77 22 20 24 33 58 32 55 40 95 68 83 72 16 11 13 48 43
Card  70: 47 82 14 89 74 75 62 80 46 23 | 14 46 28  9 13 47 74 59 29 89 82 79 15 60 94 80 45 92 88  5  3 35 62 23 75
Card  71: 84 53 50 15 65 48 14 76 61 26 | 29 30 22 14 17 11 44 37 53 87 70 36 32 75 48 51 38  6  8 94 91 67 55 31 88
Card  72: 66 84 71 56 34 63 83 72 70 97 | 33 12 31 89 14 45  8 75  6 35 67 18 80 61 71  7 91 52 95 94 47 60 10 39 23
Card  73: 82 17 30 99 21 26 22 36 28 34 | 69 10 62 64 26  2 60 28 30 29 36 55 13 51 95 34 76 32 97 37 50 59  6 54 19
Card  74: 45 12 70 15 51  4 62 90 68 74 | 92 66 96 52 60 40 22 35 97 58 63 54 94 55 65 38 29 21  5 56 19 33 16 85 69
Card  75: 24  3 97 20  6 53 64 15 32 84 |  2 95 22 23 55 59 77 80 26 17 30 19 10 73 88 68 75 12  4 52 40 18 78 44 32
Card  76: 98 30 16 53 44 24 80 41 94 43 | 50 32 37 77 53 84 80 29 52 33 45 88  6 66 19 11 17 94 57 62 81 25 67 98 61
Card  77: 80 93 65 77 28 37 29 19 12 66 | 49 40 57 17 16  8 70 42 26 98 11 81 58 76 39 35 91 29 33 37 77 19 90 60 69
Card  78: 26 10 77 63  6 81 38 31 58 85 | 80 35  5 47 39 24 69 75 73 78  2 94 32 51 45 71 95 90 59 20 52 43 28 44 82
Card  79: 52 20 58 71 47 45 24 38 97 10 | 78  2 99 88 17 15 69 82 60 77 49 51 72 67 63 41 57 80 87 34 56 12 84 23 86
Card  80: 39 53 48 42 37 81 94 62 25 29 | 49 95 13 92  3 87 79 41 56 15 65 78 91 52 63 64 39 40 99 17 18 27 23 60 55
Card  81: 70 18 14 28 51 59 44 33 93 47 | 73  3 16 76  1 40 37 72 36 98 60 62 39 54 80 46 38 23 58 69 71 41 95 27 99
Card  82: 37 39 78 12 53 13 52 77 97 63 | 41 10  6 22 46 88 76 16 25  4 15 98 26 71  2 95 44 48 32 19 70 38 34 83 75
Card  83: 98 91 45 26 86 81 51 85 63 42 | 82 50 10 32 43 80 45 37 42 47 86 26 13 85 12 58 79 81 51 41 91 46 49 98 63
Card  84: 97 93 28 79 89 53 12 46 31 30 | 72 85 35 60 57 79 43 97 89 93 31 90 12 28 27 63 53 33 30 91 21 59 34 46 64
Card  85: 40 88 13 30 24 60 64  1 15  6 | 37 26 67 78 89 92 57 20 36 65 55 49 76 11 22 52 56 28 16 14 51  7 68 84 79
Card  86: 84 49 86  9 80 63 48 70  1 57 |  3 45 53  9 61 73 76 81 48 80 15 86 31 67 84  1 63 59 70 49 57 36  4 96 35
Card  87: 23 95 59 85 60 13 49 14  8 36 | 47 49 56 60  8 36 15 74 20 10 67 13 61  7 43 11 91 23  1 14 95 85 59 40 38
Card  88: 15 27 67 23 43 58 51 63 77 11 | 22 14 80 39 35 68 26  7 42 66 84 51 75 83 17 70 24 13 99 65 44 56 62 64 16
Card  89: 34 68  7 72 81  2 58 15 90 95 | 46 75 71 94 60 31 23 40 64 12 24 69 21 59 48 34 38  9 51 89  7 98 39 54 20
Card  90: 19 30 69 63 66 22  7 42 93 43 | 55 85 29 63  2 66 40 18 83 68 94 72 62 14 21 88 15 46 69 74  1 25 28 73 43
Card  91:  2 33 60 20 86 99 10 72 11 53 | 56 74 47 70 77 48 86 32 65 25 43 35 73 64 87 76 14 71 17 30 83 18 42 13 91
Card  92: 87 72 84 10 90 92 14 30 44  2 | 85 73 82 37 98 55 64 88 42 68 35 56 87 74  7 99 32 86 76 21 22  3 81 45  5
Card  93: 78 85 89 69 50 34 84 59 87 13 | 91  6 36 27 51 53 59 69 95  1 35 74 62 98 72 76 25 32 17 45 78 64 41 81 44
Card  94: 46 66  5  4 62 31 60 13 69 79 | 49 89 21 35 26 72  5 64 98 93  9 41 15 10 76 33 78 83 36 25 44 19 67 18 51
Card  95: 54 27 19 75 94 55 52  8 40 14 | 73 13 58  4 26 12 10 64  7 84 98 50 37 95 57 80 25 77 61 51 15 93 70 82 97
Card  96: 66 75 67 11 17 19 90 18 37 16 | 96  9 46 20 97 90 77 28 48 62 22 88 54 47 81 35 56  3 42 14 30 58 95 85 70
Card  97: 92 35 28 51 30 81 23 22 75 47 |  1 75 82 63 66  6 26 68 55 84 89 10 14 95  2 36 42 39 33 94 78 17 19 45 79
Card  98: 87 72 99 30  4 58 16 18 61 51 | 97 21 20 46 86  9 54 43 74 95 36 78 70 59 66  6 98 40 55  8 29 64 84 23 26
Card  99: 37 20 86 71 61 70  2 10  5 19 | 45 49 53 95 39 36  8 97 91 66 93  3 83 92 23 76 43 42 99 12 29 31  9 16 44
Card 100: 15 73  5 40 90 49 18 96 43 51 |  7 89 88 96 73 95 78 14 53 15 39 62 83 18  5 67  8 51 49 90 92 71 40 30 43
Card 101: 71 50 36 57 76  3 49 20  7  2 | 13 60 50 35 78 71 80 15 83 97  6 96 36 49  7 57 44 20  3 46 76 89 10 52  2
Card 102: 87 69 93 50 47 91 80 30 99  2 | 40 56 93 47 73  2 81 48 82  7 99 87 91 29 30 15 70 75 16 78 69 77 50 80 19
Card 103: 12 35 49 32 46 33 44 53 41  7 |  7 95 18 76 29 86 49 41 77 44 53 99 67 93 12 11 35 33 32 71 89 13 50 54 46
Card 104: 38 23 25 78 75  9 32 87 52 43 | 83 38 75 66 64  9 27 15 74 25 23 78 65 43 34 32  2 49 91 47 24 87 50  5 52
Card 105: 85  7 34 17 81 42 59  6 47 86 |  6 47 41 81 42 86 11 59 34 27 85 95 45 90 62 17 98 10 79 21 57 23  7 18 75
Card 106: 89 68 24 72 86 93  2 32 70 79 | 73 76  2 90 60 70 84 36 34 50 98 95 96 32 92 97 83 29 62 31 68 21 51 57 47
Card 107: 46 64 88 41 29 14 84 86  6 49 | 23 41 86 51 14 42 49  6 70 48 64 22 46  9 58 79 90 29 88 84 39 11 82 78 56
Card 108: 20 10 96 86  2 56 72 95 23 92 |  7 50 63 56 68 96 12 16 95  2 17 69 72 20 18 97  6 14 86 62 93 92 23 10 51
Card 109: 53 44 73 33 86 96  8 35  4 39 | 51 45 95 97 66 91 76 21 73 58 56 89 81  2 26  6 88  9 77 32 50 47 10 33 34
Card 110: 42 63 56 15 95 29 20 22 41  9 | 87 73 80 59 69 24 12 54 63 11 92 44 53 51 99  8 40 41 90 21 89 42  5 18 39
Card 111: 86 20 27 80 38 68 23 10 14  3 | 68 22 87 27 56 25 98 52  3 26 14 20 50 75 19 48 82 23 79 38 84 28 51 83 80
Card 112: 50 53  5 96 91  9 80 92 29 73 | 20  2 21 51 81  9 29 73 26 82 80  5 41 92 63 87 50 76 55 25 96 53 10 38 91
Card 113: 85 33 40 57 48 67 15 12 27 77 | 88 85 35 40 66 97  3  5 98 14 99 13 27 36 24 26 78 63 49 96 77 44 11 48 41
Card 114: 81 74 52 91 53 95 45 97 61 13 | 51  8 89  2 45 61 67 39 97 38 12  5 53 91 19 13 74 95 52  9 55 81 43 98 59
Card 115: 91 36 95 80 24 56  2 97 72 53 | 72 69 59 97 61  2 98  7 42 89 67 28 36 45 83 65 87 38 34 53 80 78 66 62 24
Card 116: 66 51 98 84 54 26  1 58 92  4 | 44 71 78 66  1 41 90 57 43 35  3 80  5 70 96 10 50 93 98 59  4 54 11 46 92
Card 117: 28 93 61 25 14 98 12 79 91 11 | 43 95 22 61 19 80 98 11 70 55 58 12 78 37 93 45  5 97 50 17 83 72  7 74 69
Card 118: 33 61 65 44 21 53 27 12 25 87 | 62 44 29 88 92  8 63 41 48 83 64 54 96 57 65 24 97  7 36 47 61 99 21 30 80
Card 119: 10 51 18 71 12 45 41 31  7 11 | 98 93 52 60 91 15 19 18 41  4 16 53 32 46 47  5 24  7  2 71 45 35 26  8 73
Card 120: 53 76 32 10 24 47 92 11 12 34 | 35 64 44 14 26 42 77 63 32 59 93 69 12 95 41 98  7 10 78 13 20 22 68 79 28
Card 121: 93  7 73 29 23 35 95 63 36 54 | 59  4 63 85 89 84 27 14 43 74 16 48 94 29 21 93 88 15 40  2 32 95 52 47 10
Card 122: 65 72 40  9 58 32 96 56 86 44 | 53 20 55 28  1 21 59 32 80 43 71 83 10 33  3 73  9 46 79 37 15 88  5 29 90
Card 123: 27 78 79 71 13 40 97 52 25 32 | 45 42 63 87 46 99 98 34 68 22 20 23 28 30 50  8 47 82 88 21 90 69 44 39 53
Card 124: 35 70  4 88 65 18 24 59 94  6 | 57 58 82 83 13 40 99 26 91  7 48 34 96 19 79 84 93 62 60 29 20 78 39 92 64
Card 125: 95 24 85 11 78 13 72  5  8 29 | 49 22 14 67 46 77 65 25 44 61 68 75  2 80 53 16 27 34 92 62 20 48 12 88 40
Card 126: 60 59 36 16 69 94 42 86 43 48 | 88 49 11 14  5 54 87  7 23 71 98 30 93 64  8 12 53 15  6 82 31 55 95 70 83
Card 127: 32 71 53 23 83 68  7 20 11 52 | 31 88 32 71 58 83 78 99 23 17 11 20 52  8 70 79 84  7 68 75 45  1 48 10 53
Card 128: 64 19 38 21 29 14 44 13 35 80 | 98 37 79 92 60 82 13 28  9 21 64 20 73  1 29 66  5 91 48 44 70 32 31 38 18
Card 129: 50 31 68 71 29 62 98 94 23 24 |  1 68 62 36 82 29 27 50 23 98 52 81 73 31 85 71 24 89 53 80 41 94 25 16 75
Card 130: 57  8  4 92 11 46 89 27 20 21 | 57  8 77 92 27  5 89 81 46 83 75  4 63 17 21 37 76 66 93  7 11 91 22 20 74
Card 131: 79 14 74 11 26 84 99 88 15 72 | 11 84 74 52 19 30 99 49 79 63 26 44 58 16 69 91 57 88 27 15 64 14 40 32 46
Card 132: 30  4  2 53 41 98 14 72 37 92 | 10 57 27 31 87 17 13 66 98 91 20 48 26 50 93 78 22 71  4 60 61 15 83 64  2
Card 133:  9 30 54 35  5 65 33 92 85 71 | 94 16 54 73 64 77 22 30  7 72 26 56 87 27 45 82 59 33 36 92 14 78 60 85 96
Card 134:  7 36 98 63 16 38 29 96  9 86 | 61 67 25 32 95 92 37 65 13 82 89 30 83 70 99 44 86 94 10  5 20 41 42 88  3
Card 135: 92 34 69 96 53 38 49 95 89 94 | 90 83 38 27 68 53 69 34  1 19  5 32 70 89 59 67 23 99 47 55 57 39 29 52 49
Card 136: 98 55 73 22 80 69 25 60 44 21 | 14 46 60 12  6 63 58 54 40 41  1  3 62 77 78 29 34 38 75 83 71 44 10 85 86
Card 137:  2 79  9  1 61 12 36 10 43 82 | 27 47  9 79 90 36 81 42 61 82 21 32  1 58 65  2 46 31 92 95 43 10 12  6 56
Card 138: 24 86 32 88 93 53 16  7 41 74 | 80 35 37 78 82 44 27 70 31 92 46 77  4 87 51 23 19 59 90 26 69 40 71 96 54
Card 139: 60 10 16 26 90 42  9  3 21 15 | 60 13 26 48 18 88 85 66  3 14 70 39 77 15 21 79 75 35 92 58 37 38 10 95 19
Card 140: 37 21 48 90 56 71 87 86 50 62 |  2 30 57 55 38  6 62 94  1  3 78  4 91 59 56 87 42 32 21 46 48 15 31 63 41
Card 141: 91 72 80 95 16 13 85 10  1 36 | 29 26 31 67  2 56 64 76 68 59 79 43 78 30 94 87 88 83 34 82 18 54 57 93 99
Card 142: 28 77 60 67 48 18 89 73 59 85 | 64 68 66 81 89 76 96 11 42 32 74 23 48 65 52 29  5 59 99 94 36 22 50 63 86
Card 143: 63 49 46 41  4 64 97  9 77 57 | 10 70 42 59 53 85 46 50 93 27 26 71 15 87 62 66  1 69 48 31 99 18 79 22  2
Card 144: 34 23 94 92 56 83 27 33 55 76 | 33 98 79 74 40 50 45 20 22 49 48 93 42 54 15 19 68 41 55 89 82 64 28 11 88
Card 145: 70 83 91 27 50 25 12 18 68 51 | 75 78 30 38 55 96 29 58 84  3  2 65  6 39 93  4 44  7 77 57 79 35 99  5 16
Card 146: 44 31 52 11 10 24 79 66 81 53 | 98 14 42 38 65  7 90 28 32 73 56 15 55 86 77 59 23  8 35 30 33 39 75  6 64
Card 147: 38 94 92 63 83 42 73 47 87 32 | 31 80 52 21  5 68 85 60 17 33 66 50 45 16 30 20 25 56 76 11  8 27 58 99 90
Card 148: 94 56 46 51 33 49 39 55 83 98 | 10 43 47 45 63 85 91 77 58 86 92 38 93 81 57 17  5 71 66 54 70 73 24 13 76
Card 149: 33 25 50 26 97 95 22 31 20 68 | 97 92 87 95 44 31 68 86  4 35 72 53  3 49 25 50 14 20 40 26 19 33 48 24 22
Card 150: 48 55 14 54 92  2  1 52  8 46 | 66 39 79 55 78 99 92 71 84 88 33 48 54 30 69 46 70  2 51 14  8 52 21 23  1
Card 151: 42 52 41 17 25 55 18 88 24 92 | 29 14 89  4 57 69 35 39 37 38 84 64 44  3 58  9 94 12 22 74 79 86 32 97 87
Card 152: 59 89 97  6 62 22 19 50 42 46 | 98 80 78 66 94 14 36 74 41 47 96  3 42 12 11  4 93 39  8 54  6 29 83 22 32
Card 153: 55 47 54 89 18 77 14 24 12 31 | 65 54 22 26 89 14 53 96 77 18 84 82  3 23 31 12 57 63  4 47 80 32 55 24 15
Card 154: 66 14 65  8 16 95 68 61 35 74 | 49 48 84 25 39 91 76  3 86 41 70 35 87 63 52  6 17 94 71 95 53 97 24 51 80
Card 155: 28 90  6 23 87 12 52 14 37  5 | 52 90 14 98 20 83 23 29 87 37 30 55 28 79 63 43  3 92 62 82  5  6 12 70 18
Card 156: 78 15 41 47  4  1 23 27 75 28 | 23  3 47 31 13 15 61 78 39 59 98 42 53 30  4  1 94 68 28 27 10 41 65 73 75
Card 157: 94 96 49 22 19 69 83 81 79 87 |  2  8 26 18 21 92 87 49 81 94 40 83 22 46 79 16 19 93 96 36 60 20 63 69 89
Card 158: 17 85 57 78 40 60 90  9 52 10 | 68 39 79 64 57 78 60 50  6 35 24 14 52 86 33 89 90 51 88 61 40 12 48  9 85
Card 159: 83 89 46 33 82 87 70 17  4 21 | 70 17 59 89 74 62 88 18 82 61 11 75 46 16 65 92 23 96  9 26 91 35 12 49 14
Card 160: 82  1 93  5 37 75 79 46 16 55 | 76 39 37 96 91 34 60 40 85 27 86 22 12 78  5 79 29 77 46  1 15 61 23 50 56
Card 161: 69 36 82 13 11 62 33 18 37 58 | 56 67  3 80 78 28 31 12 66 53 22 55 17  7 63 19 45 35 48 39 10 86 60 70  8
Card 162: 88 99 78  9 97 71 64 77  4 10 | 90  6 50 14 96 91  4 40 59 99 71 32 88 86 97 49 64 62 76 69  5 74 81  9 41
Card 163: 58 88 32 91 48 43 47 50 22 25 | 26 23 75 85 90 38 39 72 87  9 15 29 54 59 68 36 99 91  2 56 74 25 88 92 55
Card 164: 70 86 64 48 94 18  1 38 40 84 | 17 44 51 88 82  8 61  5 74  2 31 57 26  4 24 69 46 49 98 94 89 14 65 58 77
Card 165: 59 26  9 48 99 91 80 90 20 58 | 38  9 50 26 74 31 27 48 39 12 32 15 92 42 66 78 28 11 52 57 82 18 33 85 24
Card 166:  8 19 87  5 17 84 10 90 49 13 | 61 51  5 84 19 91 90 92 49 40 62 30 67 98 50 58 28 82 38 81 73 36 27 32 10
Card 167: 38 32 75 30 89 79 77 86 71 13 | 86 72 45 49 97 15 64 54 63 32 44 33 23 59 96 35 18 11 21  2 82 39 79 30 75
Card 168: 66 90 65  7 94 16 51 70 83 93 | 77 68 95 72  2 62 10 82 92 12 69 83 56 22 78 26 19 27 91 18 57 28 30 90 39
Card 169: 87 65 30 92 41 54 67 28 88 57 | 35 65 74 99 72 57 48 44  5 76 29 93 20 91  4 86 31 21 67 22 43 32 97 12 81
Card 170: 50 30 13 95 52 45  7 67 58 34 | 13 10 70 25 74 24 43 93 85  6 88 18 68 22 21 35 91 36 69 99 77 97 33  7 17
Card 171: 43 28 44 92 14 22 45 36 91 17 | 70  8 15 60 33 21 10 73 64  5 96 71 16 29 56 61 34 90 86 82 59 30 81 55 57
Card 172: 10 56 52 95 43 94 61 30 59 31 | 15 53  7 36 74 50 70 18 22 12 29 88 89 99 64 42 65 14 54 27 35 24 20 55  2
Card 173:  6 24 79 73 25 54 83 28 78 72 | 97 29 80 47 91 59 52 88 60 70 94 82 20 86 14 16 49 18 44 57 58 31 15  1 98
Card 174: 33 77 88 46 52 20 48  5 82 30 | 66 46 52  9 48 65 26 63 76 77 74 81 29 36 88  4 33 82 20 93 54 32  5 30 56
Card 175:  8 90 34 91 49 54 30 83 95 68 | 83 49 95 60 29 34 96 91 80 62  8 35 74 54 72 18 16 30 90 88 68 84 36  1  5
Card 176: 37 10 94 87 41 97 88 63 68  6 |  3 50 54 29 47 98 99 17 52 60 55 76 82 65 97 10 13 80 93 49 62 18 58 57  5
Card 177: 32 98 43 40 71 68 52 61  2  9 | 88 85 32 11 52 55 98 43 23 16 97 90 68 89 21 33 29 34 94 37 46 84 61 44 22
Card 178: 93 39 50 43 16 13 18  1 94 12 | 93 16 59 25 90 48 61 75 82 94 72 84 39 97  6 76 56  3 43 85 21 12 14 31 11
Card 179: 33 91 70 47 60 83 49 99 61 95 | 33 60 65 70 95 36 49 46 21 42 48 24 73 83  2 63 47 99 34 43 93 61 52 14 91
Card 180: 65 89 97 52 82 78 35 22 48 51 | 28  6 22 97 48 82 21 12 92 73 70 52 65 15 35 78 84 88 63 51 66 23 94 89 62
Card 181: 28 78 88 52 34 42 26 89 41 40 | 56 72 54 41 83 17 14 39 33 15 30  4 47 11  1 12 92 28 66 13  3 68 61 32 29
Card 182: 95 48 83 19 55 69 97 40 81 22 | 25 97 42 83 52  6  9 39 59 19 18 48 55 95 62 72 99 31 69 90 22 81 40 79 10
Card 183: 66 61 30 22 75 34 53 57  3 91 | 29 78 34 31 91 46 61 57 48 73 27 75 11 94 22 98 93 97  8 41  4 66 89 26 10
Card 184: 78 79 11  4 72 18  3 60 32 27 |  3 82 32 78 18 79 62 89 73 49 63 99 42 64 34 12 27 40 44 28 59 58 90 24 66
Card 185: 81 47 29 12  8 83 80 88 94 17 | 76 50  6 20 48 43  4 80  1  2 73 28 11  5  9  7 88 42 52 33 40 47 35 87 17
Card 186: 22 14 49 18 25 89  5 36 21 50 | 13 95 60 22 68 49 28 89 61 57 18 39 37 50  9 65 71 73 98 14 45 90 99  4 36
Card 187: 94 17  2 58 50 41 25 13 91 46 | 63 18 88 42 24  1 87 94 58 50 40 41 77 35 98 23 59 13  5 15 73 33 95 46 21
Card 188:  4 98 60 59 91 33 62  3 81 99 | 56 63 16 87 57 73 71 82 68 34  2 85 43 65 70 19 77 67  1 83 94 75 28 42 79
Card 189: 82 89 87 59 43 95 36 42 57 96 |  7 61 52 20 96  6 83  8 89 31 16 59 77 36 91 95 45 32 66 87 57 78 58 42 14
Card 190: 85  4  9 68 53 67 59 78  2 11 | 36 78 44  2 10 70 14 43 97 13 65 67 53 28  9 57  5  8 47 37 74 55 75  4 35
Card 191: 87 85 99 84 83 37  9 57 67 41 | 61 71 57 54  8 66 22 84 36 90 78  9 15  4 89 93 37 47 87 58 16 85 40 56 76
Card 192: 85 33  9 56 77 12 95 52 79 46 |  4 58 15 52 62 38 14  7 45 93 25 44 82 67 77 37 86 49 71  9 53 55 90 12 28
Card 193: 41 66  1 37  9 23 35 48 67 98 | 51 59 36 57 40 53 19 38 23 64 82 98 33 92  6 67  7 27 83 78 79 45 91 34  3
Card 194: 82 12 98 47 43 23 89 70  1 55 | 42 31 58 37 17 47 49 16 29  5 53 95 90  2 78 96 99 85 93 57 11 60 76 43  1
Card 195: 18 29 26 38 36 30 70 15 72 73 | 40 22 31 61 54 92 47  6 80 56 37 28 62 39  3 76 88  9 83 44 33 38 90 95 87
Card 196: 75 34 29 45 44 66 87 55 93 77 | 97 14 24 22  6 63 68 90 71 99 84 80 92 95 15 72 58 88 62 94 74 30 36 98 67
Card 197: 93 46 78 48 30 65 36 64 47 76 | 14 25 13 69 82  2 87 21 72 79 66 63 94 62 54 83 91  4 10 98 38  7 92 59 39
Card 198: 77 15 37 90 20 98 32 99 52 39 | 82 35 68 76 67  9 87 80 59 96 27 61 55 34 17 74 16 14 89 49  5 53 73 21 12
Card 199: 30 91  1 39 41 42 55 35 88 48 | 42 30 69 46 88 48 68 63 49 83 34 91 55 66  1 29  2 78 31 41 35 79 39 36  3
Card 200: 99 95 12 62 81 30 69 98 26 51 | 99 38 28 20 26 61 70 24 62 95 71 45  7 69  4 46 98 63 51 85 17 12 81 30 77
Card 201: 68 47 83 67 44 30 87  2 80 75 | 16  1 76 10 85 20 69 66 29 64 81 38  3 45 92 47 61 98 18 65  4 70 11 52  8
Card 202: 99 14 59 47 83 31 23 58 97  4 |  2 50 20  3 64 38 37 33 76 66 61 17 31 40 99 89 39 23 77 14  4  7 60 71 19
Card 203: 93 61 37 33 71 26 48 59 41 72 | 81 29 24 87 55 67 48  7  8 65 41 96 30 59 61 75 60 95 56 71 49 33 72 13 11
Card 204:  9 33 66 94 13 38 90 61 20 25 | 51 24 42 34 45 69 61 83 97 27 99 47 18  5 93 64 91 72  6 82 36 76 10 95 11
Card 205: 93 92  3 36 22  9 97 71 53  5 | 53  9 24 88 67 70 71 80 22 92  3 85 19 81 39 78 97  2 14 65 42 17 21 36 86
Card 206: 60  7 71 17  3 30 28 48 31  5 | 53 88 45 55 56  5 73 87 71 16 33 47 43 36 83 94 79 14 65 27 60 40 85  4 26
Card 207: 24 38 84 63 85 82 92 17 79  4 | 38 17 14 26  7 79 15 32 10 30 62 24  8 39 98 22 49 45 92 63 84 44 97 85 54
Card 208: 88 43 80 11 49 58 98 67 32 85 | 98 11 84 26 29 78 91 44 81 49 14 23 88 83 67 59  3  4 36 94 80 74 52 24 61
Card 209: 61 23  6 56 93 33 46  7 62 84 | 94 52 23 51 26 62 32 43 25 36  5  3 72 44 88 40 87 31 27 63 54 97 93 99 86
Card 210: 62 21 10 11 53 18  2 90 44 74 | 26 56 82 57 24 71 13  9 69 15 78  1 59  5 89 76 85 14 54 67 77 17 35 44  2
Card 211: 22 57 65 93 60 79 74 19 66 68 | 57 66  4 87 17 69 72 89 85 41 51 60 25 82 64 71 42  6 92 35  3 96 63 59 90
Card 212: 66 70 15 68 33 88 17 29 25 63 | 94 42 70 83 41 96 48 93 47 98 10 79 75 14 84  1 38 87 19 46 55 25  4 67 80
Card 213: 53 54 61 98 67 70 73 29  5 69 | 20 45 73 33 21 85 30 31 93 57 32  9 84  1  2 34 89 14 19 72 86 87 53 61 15
Card 214:  6 30 61  5 88 11 90 44 48  2 | 75 25 33 43 66 17 53 64 20 52 27  8 18 50  5 93 95 11 74 12 62 84 58 10 83
Card 215: 43 39 24  7 36  5 81 52 30 85 | 75  8 62 86 60  2 72 18 89 77 34 70 19 26 29 88 87 31 14 13 21 98 91 92 63
Card 216: 46 81 13 42 79 84 66 26 30  4 |  1 97 91 99 14  9 80 74 68 83 72 60 90 15 36 54 62 87 24 95 28 37 22 88 31
Card 217: 17 52 22 86 65 18 59 10 23  3 | 45 47 21 72 13 80 83 98 31 48 49 29 44 33 19 50  5 94 97 87 41 24 68 38 66
