Card   1: 45 14 73 75 86 27 70 28  9 55 | 49 57 93 11 35 75 89 96 27 45 73  9 70 24 28 30 20 84 14 65 42 37 86 55 85
Card   2: 79 27 24 86 40 20 75 23 47 87 | 58 79 10 26 68 50 55 66 69 87  1 31 27 24 74 82 23 40 11 46 54 75 34 20  7
Card   3: 95 12 79 65 62 41 21 11 28 18 | 16 62 28 12 18 21 70 87 95 79 13 45 41 94  9 59 88 33 24 39 40 65 31 11 42
Card   4:  8 84 20 81 78 67 34 90  7 70 | 43 74 73 62 67 64 70 20 33  2 90 29 28 82 46 78  7 96  8 79 84 34  3 81 86
Card   5: 48 29 12  9 95 16 27 77 56 31 | 16  5 83  9 54 58 48 94 49 60 36 29 77 95 24 31 47 22  3 12 89 18 56 27 44
Card   6: 53 85 94 35 93 51 34  9 26 15 |  4 69 95 56 14 91 42 41  6 29 13 51 35 48 99  9 75 76 88 44 33 60 45 15 89
Card   7: 86 22 23 50 98 42 68 64 16 79 | 34 89 26 42 79 36 64 12 22 49 57 68 73 86 16 50  5 39 52 65 23 63 98 51 84
Card   8: 54 64 95 85 81 42 18  7 24  1 | 23 67 21 87 89 40 86 97 36 78 81  8 57 24 88 25 44 90 31 11 99 98 72 33 70
Card   9: 68 29 85 73 34 54  7 96 14 36 | 36 55 29 20 91 54 74 27  1  5 21 62 28 34 35 68 73 31 45 96 85 92 14 15  7
Card  10: 55 66 30 47 67 63 41 45 86 58 | 82  7 70 34 96  1 99 16  2 55  3 86 47 60 45 53 81 41 90 46 56  8 23 21 63
Card  11: 59 79 96 53  8 62 48 15 57 12 | 42 16 21 41 44 82 43 70  4  8 53 30 27 62 15 96 76 95 59  6 12 48 79 72 83
Card  12: 62 85 32 20 97 50 71 98 76 92 | 43 60 57 76 79  2  6 11 98 34 84 63 15 44 94 54 29 48 96 92 62 41 91 80  3
Card  13:  5 48 78 39 91 76 11 54 82 38 | 65 40 92 33 62 73 17 61 57 50 34 52 68 86 44 93 42  8 56 88 72 49 90 66 54
Card  14: 14 85 45 21 56 41 34 86 44 53 | 48 69 17 45 49 15 21 31 11  2 39 44 46 78  5 92 12 91 98 82 13  3  6 60 41
Card  15: 29 40 53 47 55 92 84 97 49 37 | 95  4 49 62 53  3 32 39 37 47 66 78 60 67 57 97 71 86 83 76 36  2 23 93 58
Card  16:  7 68 66 99 39 19 29 91 24 12 | 85 14 22 62  3  4 32 37 49 17 88 67  6 80 83 47 28 61 10 70 73 33 55 90 19
Card  17: 67 58 31 56 87 44 53 92  6 32 | 36 60 87 95 44 18 42 28 88 67 92  5 10 59 22 17 63 46 85 79 57 98 30 53  1
Card  18: 35 78 81 71 40  8 20 67 69 87 | 85 58 40 66  9 24 23 12 89 70 81 29 10 37 88 43 22 74 68 39  2 36 79 41 90
Card  19: 21 84 95 53 22 18 52 32 77 90 | 95 88 35  8 30 69 90 62 89 14 75 55 70 16 97 31 64 28 53 26 51 32 12 59 29
Card  20: 28 33  2 10 37 97 65 53 91 79 | 81 46 86 91  2 97 28 35 82 18 47 33 88 19  4  3 84 10 15 65 32 40 25 90 49
Card  21: 76 88 12 44 84 75 21 82  2 19 | 70 61 95  1 17 87 64 72 90 57 13 96 50 45 85 18 54 14 77 59 33 94 38 76 98
Card  22:  6  2 19 96 52 82 36 81 27 20 | 93 99 63 83 32 37 88 19 30  5 81 70 43 56 55  2 79 64 16 35 13 94  7 96 85
Card  23: 56 85 64 36 30 79 47 91 13  1 | 39 49 43 83 13  3 67 21 23 18 60 80 61 46 69 63 85 66 82 28 62 77 75 91 34
Card  24: 15 37 60 53 51  1 49 25 31 94 | 77 78 64 62  5 34 74 36 84 73 50  4 29 66 31 51 41  8 45 37 21 52 92 65 42
Card  25: 54  7 91 42 83  1 84 97 72 30 | 38 91 68  2 62 37 94 19  5 51 90 42 55 30  8 52 92 60 75 65 58 40 33 50  4
Card  26: 73 78 14 44 84 57 43 99 76 68 | 64 67 59 92 50  9 52 71 34 96  5 42 89 98 87 90 20 68 66  6 83  3 45  4 48
Card  27: 69 92 60 41 98 18 63 25 81 96 | 54 10 59 27 17 77 90 68 51 43 82 62  7 86 93 13  5  4 45  2  3 94 65 70 20
Card  28: 86 21 95 46 13 23 57 68 22 33 | 93  8 35 24 27 49  2 75 26 65  1 97 64 12 11 47 16 14 72 29 28 91 34 54 57
Card  29: 41 19 82 13 38 84  6 77 27 42 | 51 76 74 47 72 98 50 65 92  4 73  1 55 11 90 26 32 30 43 79 97 71 15 36 34
Card  30: 42 12 17 95 87 90 46 54 49 68 | 99 88 10 15 52 44 47 14 24 66 79  7 80 22 39 98 92 21 78 61 30 97  8 34 41
Card  31: 98 69 36 58 13 42 79 63 17 73 | 54 46 73 97 50 95 58 13 63 89 79 69 44 67 70 16 85 83 42 60 98 74 10 17 36
Card  32: 98 55 86 89 82 29 25 95 17 31 |  7 87 13 98 82 91 92 97 89 40 42 55 31 23 43 29 54 95 84 25 86  3 17 45 50
Card  33: 23 65 75 34 69 89 31 59 29 51 | 80 55 89 24 68  3 14 66 76 83 20 59 71 48 51 34 84 12 37 38 69 93 57 65 42
Card  34: 89 83 59 67 14 29 85 47 11 38 | 22 72 24 65 78 67 97 37 69 83 64 68  6 10 36 85 76 94  3 46 95 17 73 25 58
Card  35:  8 68 24 73 44 18  1 71  6 72 | 60 31 22 53 44 68 47 10  1 77 24 72 71 66 39 73 65  8  6 18 62 93 36 79 55
Card  36: 41 68 34 78 77 85 51 28 98 40 | 77 74 20 34 93 63 78 90 68 24 14 11 69 45 87 28 85 70 40 41 97 98 94 47 51
Card  37: 14 47 69 36 32 45  4 76 41 79 | 68 36 62 67 48  7 78 26 19 32 42 90 34 72 14 41 56  9 49 10 80 58 13 99 97
Card  38: 19 44 80 59 99 92 12 84 58 93 | 25  8 36  5 26  6 20 62 50  4 55 33 79  1 22 21 48 83 43 81 91 31 88 63 17
Card  39: 32  1 57 20  5 80 95 88 56 83 |  9 32 80 67 93 57  5 85 51 20 72 88 64 95 75  6 62 83 11 63  1 15 21 56 77
Card  40: 36 41 65 81 66  5 18  7 86 85 | 57 27 63 24 31 85 65 90 22 36  7 93 46 49 56 86 18 81  5 66 41 97 73 77 95
Card  41: 48 41 14 44 80 64 18 67 85 35 | 99  2 51 69 14 17 45 42  6 58 77 50 55 88 68 31 38 44 86 19 76 72 60 79 27
Card  42: 64 46 36 85 72 24 30 20 52 70 | 33 85 46 57 30 83 14 29 35 70 96 24 27 64 86 52 36 48  9 54 20 75 65 25 99
Card  43: 18 46 59 34 97 74 31 69 78 55 | 99 78 67 34 64 14 93 24 97 87 70 94 42 50 74  8 52 31 55 27 18 59 19 69 36
Card  44: 48 13 45 25 22 71 53 84 96 93 | 13 22 45 93 49 66 75  3 25 24 71 73 28 96 53 58 84  9 35 14 78 27 60 81 48
Card  45: 18 33  7 95 97 92 70 20 79 29 | 92 22 30 33 62 84 21 63 89 79 20 18 57  1 97  7 24 95 70 29 34 36 99 26 38
Card  46:  3 62 27 25 87 13  6  9 36 67 | 98 89 57 62 79 59 69 51  3 53  9 76 25 23 81 67  4 13 46 27 68 36  6 19 87
Card  47: 53 66 99 57 29 24 69 93 37  6 | 63 48 13 43 94 37 25  6  2 23 61 57 39 21 91 50 24 53 69 93 66 99 81 20 29
Card  48: 11 70 62  3 22 26 38 40 79 84 | 45 22 26 59  3  4 70 11 79 84 95 89 20 41 51 28 62 21 40 74 60 29 31 43  5
Card  49: 90  1 25 91 32 82 59 92 98 89 | 86  5 92 55 78 50 79  4 35 24 32  1 71 83 46 10 69 91 11 89 90 98 60 25 59
Card  50: 87 80 25 35 40  3 65 16 84 39 | 46 40 98 37 50 21 39 28 47 59 70 31 41  4 25 83 90 93 87  3 13  8 76 80 99
Card  51: 11 59 67  3 41  5 35 90 80 48 | 52 21 10 30  5 78 72 69 42  4 25 58 22 49 97 94 53 91 62 32 98  2 93 71 38
Card  52: 38 90 68 34 75 13 22 51 20 10 | 19 41 15 31 47 16 44 45 91 65  9 46 39 87 66 49 28 94 62 42 13 97 74 73 32
Card  53: 73 14 93 47 64 12  1 10 97 85 | 72  3 77 90  4 34 58 56 75 68 37 69 66 48 61 16 71 20 88 84 74 91 33 50 54
Card  54: 46 88 38  8 34 21 27  7 41 67 | 67 68 69  6  9 16 94 95 66 43 83  5 18 62 57 15 44 63 85 54 78 87 21 74 64
Card  55: 10 77 15 43 99 66 88 71 92 96 | 81 51 38 16 36 12 59 85 23  9 49 82 31 68 50  2 93 97 18 11 45 60 98 62  1
Card  56: 65 73 93 57 94 75 45 99 20 72 | 12 43 68 67 24 79 18  3 49 58  8  9 77 82 14 62 13 76 75 34 48 44 54 88 63
Card  57: 37 77 53 85 68 78 95 73 27 15 | 30 67  1 12 13  6 70 44 27 48 90 43 87 23  3 54 99 78 11 80 94 93 56 28 51
Card  58: 11 35 88 31 93 57 76 56 98  8 | 25 88  2 18 37 13 16 78 58 47 79 19 27 60 55 34 22 75  5 50 12 94 65 54 42
Card  59: 71 53  5 85  4 37 43 52 69 47 | 21 60 57 83 88  7  9 90 99 40 56 25 97 92 82 42 94 48 34 12 93 89 66 26 98
Card  60: 52 92 87 23 34 21 58 42  7 27 | 28 77 26  3 50 80 13 44 75 15 41 82 33 96 86 63 74 39 88 18 81 71 45 22 17
Card  61: 87 95 59 81 57 42 29 77 14 43 | 29 43 84 92 32 42 82 24 59 63 87  1 14  4 74 60 77 57 88 49 44 16 95 81  9
Card  62: 33 84 10 45 51 52 34 72  9 28 | 70 49 98 48 79 67 75 61 30 13 64 11 65 92  6 56 32 88 86 63 19 47 69  3  9
Card  63: 35 91 80 64 73  4 70 32 88 95 | 95 59 19 70 88 34 14 31 11 83 32 84 93 47  2  4  8 78 51 90 80  1 40 16 44
Card  64: 21  5 46 36 98 31 99 26 42 88 | 31 94 22 26 98 56 60 16 47 86  5 12 42 88 83 78 81 46 21 19 99 36  2 92 53
Card  65: 44 76 69 18 88  4 64 41 50 90 | 47 56 77 94 55 41 61 15  2 83 58 54 67 64 90  6 69  1 70 14 60 19 28 85  4
Card  66: 91  8 60 71 68 97 61 65 41 79 | 82 41 31 68 61  8 42 91 20 39 45 60  2 65 49 54 17 56 89 71 36 97 79 74  6
Card  67: 36 88  1 27 60 18 61 95 19 12 | 86  1 70 19 60 95 61 87 14 48 73 27 68 43 45 78 40 24 18  2 88 56 36 12 21
Card  68: 48 19 31 86  4 10 57 11 22  9 | 80 11  9 63 44 62  1 31 15 92  4 68 13 57 10 19 55 28 22 39 86  7 48 98 29
Card  69: 59 37 44 57 99  3 67 58 98 92 | 94 64 57 49 96 60 71 93 99 95 58 98 92 67 44  4 23 73  3 87 37 31  6 59 22
Card  70: 74 30 76 62 43 58 48 41 28 42 | 41 61 30 28 19 35 94 76 92 56 91 47 42 66 58 48 43 70 62 74 60 34  3 67 73
Card  71: 93 24 53 64 73 68 69  3 52 21 | 10 25 49 41 68  3  7 21 78  4 67 64 77  9 92 40 59 95 39 12 76 42 71 43 60
Card  72: 82 23 46 77 59 81 41 35 15 50 | 91 98 37 56 82 65 19 88 83 17 81 61 51 72  2 70 35 47 11 10  7 46 43 69 25
Card  73: 61 44 32 37 71 59 10 90 58  1 | 61 60 43 12 16 71 50 53 90 34  3  1 32 37 35 58 76 10 59 93 30 44 28 94 48
Card  74: 29 75 30 76 73 10 98 50 33  6 | 26 10 90 47  5 30 69 59 68 29 15 94 76 23  6 12 72 17 60 52 75 73 33 50 98
Card  75: 76 56 30 81 36 31 24 48 75 17 | 44 87 74 83 24 10 71 82 88 36 54 29 52 57 85 35 12 97 28 37 59 32 15 23 50
Card  76: 26 91 78 17  9 25 52 67 11 87 | 67 41 75 78 84 81 24 83 47 90 16 43 97 89 36  9 37 18 93 12 45 26 98 94 17
Card  77: 47 93 92  1 55 44 64 72  3  5 | 64 61 83 97 81 78 27 30 85 66  5 14 55 38 93 70 75 92 72 10 12 44  1 73 71
Card  78:  2 36 98 32 63 19 97 65 86 96 | 75 54 96 59 97 86 65 63 76 10 93 36 98 19  2 12 52 58 89  1 32 64 83  5 15
Card  79: 61 77 47 38 62 97 28 48  5 40 |  2 81 10 47 86 90 55 69 14 99 37 96 17 95  4 84  9 15 39 36 61 89  5 28 98
Card  80: 17 32 11 57 69 71 90 68 12 53 | 60  8  2  7  3 18 68 11 84 22 73 62  9 24 61 12 35 53 78 85 13 23 69 67 63
Card  81: 21 61 66  5 34 55 76 64 63 13 | 93 12 98 37 35 67 38 16 90 52 63 94 42 15 41 60 18  5  7 30  9 68 78 13 73
Card  82: 95 41 13 38 70 26 21 44 61 40 | 20 79 96 41 82 13 29  8 59 38 23 84 58 16 83 66  4 88 85 94 37 95 34 17 42
Card  83: 71 45 34 53 20 90 40 47 70 24 | 42 58 79 46 41 98 85 29 86 10 25 60 65  9 19  2  8 45 80 68 38 69 21 31  5
Card  84: 17 65 72 15 78 47 96 66 93 11 | 18 60 41 19 39  5 32 20 89 52 88 45 22 13 21 78 44 49 95  2 58  9 37 14 48
Card  85: 19 68 82 88 43 39 87 84 80 71 | 31 29 69 45 98 14 75 40 70 99 61 11  2 73 23 78 28 91 89 30 35 42 81 88 38
Card  86: 95 87 15 16 92 14 47 30 49  9 | 66 25 50  2 74 88 29 16 59 62 39  8 65 96 58 77 54  4 14  1 94 83 33 78  7
Card  87: 87 86 15 36 18 56 43 90 11 22 | 89 51 94 52 47 35  6 37 78 40 16 58 73 12 43 13 61 54 64  2 31 57 70 95 92
Card  88: 45 39 63 53 71 30 96 81 56 94 | 98 52 11 59  8  9 35 82 66 87 38 76 22 25 88 14 40  3 42 34 15 57 24 17 44
Card  89:  2 22 25  1 40 80 93 84 23 37 | 26 12 32 92 45 87 89 27 18 69  7 13 78 51  5 59 35 30 83 48 33 91 58 85 15
Card  90: 68 17 31 46 52 62 49  1  3 18 | 74 18  9 62  3 77 20 46 49 52 55  7 17 11 56 43 12 29 53 19 10 68 97  1 31
Card  91: 98 22  1 43 10 58 81 45 33 31 | 93 81 14 52 78 31 82 51 42 41 10 67 32 98 99 56 58  1 33 50 37 57 20 15 45
Card  92: 29 82 63 24 39 57 87 75 18 36 | 85  2 38 36 82 39 24 37 87 71  4 75 47  3  1 12 57 67 61 29 30 72 40 63 18
Card  93: 53  3 57 75 91 83 71  5 15 21 |  1 42 27 68 24 58 62 15 26  7 64 33 13 59 10 90 75 96 85 54 52 60 18 30  6
Card  94: 35 34 43 82  4 51 69 60 39  5 | 73 92 28 19  4  6 34 18 39 29 66 56  5 32 17 44 43 90 53 91 12 71 51 22 69
Card  95: 81 96 97 72  5 29 65 69 85 38 | 85 88 69 95  5 55 96 29 97 72 11 41  4 59 75 31 77 38 67 65 16 66 99 68 81
Card  96: 75 52 79 31 26 69  5  8 87 66 | 16 76 26 14 32 58 84 85  4  2 57 62  5 72 71 77 68 47 97 54 69 63 55  1 88
Card  97: 35 48 34 55 60 66 91 83 77 38 | 25 63 30 36 11 20 68 99 92 56 41 33 23 50 26 39 64 70 40  4 35 83 69 54 72
Card  98: 44 63 21 99 49 66 36 46 94 79 | 47 19 56 24 72 73 79 55 13 32  8 15 52 53 81 49 45 37 75 63 44 41 99 21 36
Card  99: 99 11 36 58 69 97 47 89  6 90 | 89 79 47 65 17 66 68  7 69 92 55 62 84 86 99 59 31 20 18  6 37  1 64 23 72
Card 100: 35 95 76 13 54 28  1 99  7 47 | 11 85 53 33 28 83 74 52 55 86 78 21 76 34 23  2 62 24 94  9 63 16 91 35 26
Card 101: 88 47 11 83 14 28 86 38 57 16 | 41  4 16 88 12 61 23 30  8 87 91 92 37  2  9 35 13 86 39 14 83  7 51 89 49
Card 102:  5 59 84 79 91 18 15 81 37 70 | 29 58 67 84 14 72 70  3 91 31 87 81 37 11 60 78  5  2 18 15 28 25 80 75 95
Card 103: 20 29 92 35 41 76 99 31  7 34 | 95 79 36 76 40 69 56 57 68 78 14 31 44 13 62 99 20  2 35 29  3 16 92 59 47
Card 104: 11 44 87 79 35 67 72 42 68 16 | 82 36 89  5 85 26 83 28 48 80 69 90 56 52 67 45 20 12 77 78  9 16 42 55 99
Card 105: 68 37  1 64 70 92 53 96 16 98 |  2 68 93 36 42 44 61  7 62 71 74 17 30 97 26 10 59 37 84 87 57 60 54 27 96
Card 106: 83 87 43 74  4 49  5 86 82 50 | 23 29 36 80  5 25  1 56  9 91 98 79 13 14 64  7 84 27 30 39 40 81 76 52 46
Card 107: 87 55 11  2 44 94 91 26 49 93 | 70 66 77 17 45 82 34 90 81 65 13 20 21 18  8 76 83 63 22  9 54 74 11 78  3
Card 108: 50 29 82 97 72 17 54 44 93 51 | 70 30 74 22 38 68 96 19 95 50 42 91 17 49 81 33 20 75 71 13 23 43 51 97 87
Card 109: 20 68 95 82 54 40 45 66 58  2 | 18 50 35 58 79 61 90 34 38  7  3 14 53 26 88 43 75  5 21 73 97 28 86 47 77
Card 110: 39 13 27 95 72 21 86 85 43 11 | 19 76 88 29 98  2 48 90 77 28 33 27 53 51 94 89 44 78  9 56 40 41 57 69 31
Card 111: 51 29 41  8 89 28 93 91 38 49 | 21 68  4 33 94 60 74 43  3 96 34 26 61 18 86 42 81  5 57  6 39 11 62 48 90
Card 112: 62 96  9 82 81 68 47  4 44 45 | 13 39 38 95 70 35 59 18  1 30 36 64 17 57 76 56 77 12 84 29 65  8 80  6 41
Card 113: 30 71 56 76 16 43 13 88 70 27 | 42 99 83 14 94  8 89 95 74 57 62 85 69 90 21 67 66 92 80 68  3 72 73 39 64
Card 114: 62 18 94 87 11 74 98 25 26 84 | 32 90  6 22 39 97 34 77 64 53 76 60 93 57 75  9 38  1 21 42 28 96 41 55 89
Card 115: 48 52 14 83 90  1 53 55 71 58 | 53 90 78 42 83 23 43 58 75 89 71  5 81 93 14  1 55 57 76 73 48 37 56 40 52
Card 116: 20  6  1 55 31 29 54 19 76 45 | 11  1 75 67 76 86 52 55 56 50 29  6 54 20 92 45 98  3 44 59 64 68 31 41 95
Card 117: 15 73 99 84 31  5 49 13 28 91 | 91 37 20 94 14 17 42 16 47  5 98 96 12  3 62 99 54 50 31 69 53  7 52 71 43
Card 118: 95 17 42 94  8 82 84 61 62 67 | 56 48 51 69 20 82 98 50 81 67 42 14 62 36  3 80 54 49 46 39 94 18 95 73 22
Card 119:  8 16 75 43 73 57 90 92 24 67 |  1 49  9 68 15 48 52 94 37 93 39 97 32  2 73  3 21 96 77 86 74 26 25 31 36
Card 120: 78 51 77 25 33 26 36 56 88 87 | 26 39 87 88 24 29 42 56 22 59 77 41 78 33 85 36 34 25 72 95 46 81 82 51  4
Card 121: 52 82 28 93 51 76 17 98 45 50 | 68 42 29 78 63 89 70 66 62 64  2 39 45 97 71 61 53 14 59 81 88 37 73 22 10
Card 122: 96 49 77 95 23 88 40 22 54 47 | 53 69 17 48 96 75 70 86 71 77 50  1 16 47 45  6 22 54 95 80 23 49 27 88 40
Card 123: 73 75 14 84 27 69 41 24 10  5 | 15 23 84 79 33 20 28 24 21 51 67 14 78 83 22  2 39 75 41 89 10 27 73  5 69
Card 124: 64 51 94 70 12 30 56 24 85 61 | 15 10 89 65 77 78 96 84 47  8 87 82 20 12 55 51 53 54 22 32  4 94 19 46 61
Card 125: 85 83 76  3  9 12 14 89 72 16 | 16 12 72 60 61 86 27  9 48 76 83 30 36 77 93 41 85 28 88 75 34 14  3 89 78
Card 126: 79  4 74 32 77 95 49  1 75 70 | 97 93 73 48 10 13 57 96 68 41 40 63 81 52 50 44 53 37 99 17 14 78 80 84 76
Card 127: 34 65 55 62 57 27 11 52 97 76 | 63 76 16 77  9 43 57 97 14 56 23 33 51 74 62  8 15 90 52 44 87 22 20 73 82
Card 128:  8 67 33 34 36 29 31 97 95 40 | 29 92 48 56 81 31 16 60 19 20  8 90 49 58 61 32 10 82 54 34 67 94  7 65 21
Card 129: 14 57  4 47 25 32 72 79 40 59 | 40 12 74 25 32 56 48 79 33  4 65 47 49 15 14 46 96 55 81 59 94 30  9 10  3
Card 130: 10 62 67 11 37 88 44 61 36 63 | 76 64 20 59 69 81 43 37 36 29 55 79 58 85 44 98 63 93 18 67 62 17  5 16 61
Card 131:  2 95  4 73 74 77 43 92 82 24 | 86 90  3 72  8 69 60 57 45  6 95  7 70 36 85 39 98 97 65 19 71 96 73 81 25
Card 132: 41 68  7 78 66 63 59 76 74 91 | 65 18 78 48 25 38 14 81 34 15 21 13 17 41 23 73 95 96 68 66 76  8 20 19 94
Card 133: 25 48 11 43 20 89  6 34 24 82 | 99  6 44 82 69 43 22  4 89 11 33 53 18 79 59 83 17 39 50 80 42 76 24 48 38
Card 134: 37 18 82 23 31 42 98 89 14 46 | 33 40  2  5 39 88 25 91 10 97  3 86 43 27  6 21 15 87 92 53 49 60 19 76 70
Card 135: 11 13 45 71 31 89  9 29 40 26 |  8 59 68 13  5 72 29 51 54 88 12 42 80 56 11 76 70 82 17 45 44 33 63 18 35
Card 136: 96  6 38 50 94  7 95  9  1 65 | 82 73 92 72 25 43 67 10 90  8 54 34 93 56 30 23 95 84  1 88 62 33 40 97 80
Card 137: 76 98 53 62 40 35 24 13 79 10 | 37 83 51 92 16 88 28 63 46 34 69 97 82 89 45 43 55 80 54 74 42 11 78 70 15
Card 138: 21 14 83 29 19 42 98 31 28 17 | 51 87 90 69 68 35 55 20 59 13 81 95  2 36 49 70 37 93  1 96 67  3 64  6 56
Card 139: 44 77 95 97 54 52 17 94 38  2 | 46 35 24  9 15 13 80 30 25 81 92 65 16 40 18  3 41 26 58 32 73 55 76 64 10
Card 140: 94 47 86  7 29 69  8 11 20 21 | 15 61 56 96 53 64 51 97 60  2 55 12 45 88 49 76 41 46 74 22 67 48 93 77 89
Card 141: 63 42 48 28 65 84 44 24 41 47 |  3 90 17 85 45 75 30 16 56 89 79 70 91 39 92 64 78 33 43 19  6 97 20 66 29
Card 142: 25 76 87 79 45 80 64 60 77 12 | 45 27 68 70 90 26 57 50 77 79 19 76 80 32 95 60 84 25 12  2 49 51 87  3 64
Card 143:  4 36 68 67 58 10 94  2 89 57 | 82 50 64  8 35  4 68 89 19 36 45 56 58  2 65 80 94 67 10 15 54 74 32 81 57
Card 144: 76 50 49 19 51 23 32 33  3 68 | 10 26 38 49 17  3 19 87 23 73 75 51 14 33 68 32 99 50 30 76 44 71 11 72 31
Card 145: 89 30 28 79 80 77 48 63 11  3 | 86 71 76 11 89 79 63 66 81  1 12 80 25  4  3 83 28 77 30 68 99 33 48 58 49
Card 146: 32 12 56 43 47 41 31 27 33 57 | 68 98 96 41 42 67 64 46 36 54 88 13 73 10 53 69 79 51 23  6 11 34 91 80 65
Card 147: 78 13 90 31  5 58 57 12 60 74 | 94 30 15 49 14 99 38 50 89 46 87 40 73 22 68 55 19 76  6 67 44 52 98 41 64
Card 148: 13 32 11 96  7 87 71 89 64 43 | 72 13 96  7 83 43 70 38 32 81 35 34 71 26 64 41 18 37 87 30 11 25 42 76 89
Card 149: 31 23 24 56 41 20 12 19 43 96 | 29 95 13  4 36 65  7 61  8 14 30 78 63 85 26 35 10  6 50 28 92 17 80  5 39
Card 150: 58 57 52 55 81 88 61 94 86 41 | 96 33 92 37 79 56 91 42 84 73 35  1 99 28 93 95 32 82 22 50 83 69 55 46 78
Card 151: 81 91 88 86 71 38 93 78 17 80 | 81 67 20 35 30 85  9 29 68 26 92 93 17 78 91 28 86 38 90 60 80 64 43 88 71
Card 152: 23 31 73 34 75 90 26 72 51 63 | 11 98 61 31 90 82 14 86 79 33 25 58 77 91  8 55 49 88 78 85  3 80 24 73 27
Card 153: 11 82 67 34 66  2 90 10 25 98 | 94 44 22 90 99 73 71 34 31 82  6 78 95 10 27 66 98 11 25 62 47 79 19 18  2
Card 154: 87 67 46 76 10 41 56 59 83 65 | 91 94  4 69 41 75  2 36 18 81 92 85 90 33 38 26 24 70 37 63 51 74 57 71 19
Card 155:  9  6 15 32 89 61 72 75 49 84 | 17 99 97 94 47 54 63 83 27 25 13  1 36 86 20 26 39  3 11  7 31 59 76 91 48
Card 156: 25 74 22 57 64 89 19 75 98 44 | 42 54 70 90 87 41 85 74 75 73 82 19 48 28 76 44 86 57 25 13 45 49  4 88 83
Card 157: 88 77 73 92 54 69 41 49 63 84 | 22 25 47 65 54  4 56 62 58 59 28 49 44 99  3 34  2 82 74 53 42 11 70 76 51
Card 158:  9 23  6 74 83 87 31 93 37 96 |  2 87 30 79 96 25 60 43 71 68 69 93 13 24 29 88  4 56 58 33 31 49 80 44 74
Card 159: 38 18 10 35 65 78 13 99 90 33 | 98 30 87 63 97 60  5 31 58 17 36 90  7 34 39 76 74 14 66 45 93 35 44 20 64
Card 160: 90 86 43 93 39 50 52 12 66 95 | 20  2 59  4  3 76 94 89 60 23 38  5 53 79 69 87 15 32 99 24  6 44 34 74 11
Card 161: 77 34 62 97  9 70 50 73 74 43 | 96 79  9 78 31 14 12 29 13 18 87 61 30 89 19 53 50 10 32 92 39 76 71 16 24
Card 162:  5 67  6 22 76 46 42 17 79 87 | 72 62 34 89 54 81  2 50 17 51 91 44 84 80 32 48 98 82 28 69 60  8 78 59 21
Card 163: 14 59 16 75 89 58 97 92 61 80 | 22 15 76 90 35 88 99 72 63 56 30 50 93  7 49 62 53 24 45 21 85 27 25 57 69
Card 164:  8 71 91 89 31 43 18 72 74 90 | 98 49 62  5 41 94 53 56 26 20 48 97 12 80 85 93 47 27 73 28 70 36 13 35 84
Card 165: 76 73 48 72 67  8 94 75 49 10 | 73 51 39 14  2 62 54 89 94 75 80 60 49 23 90 29  8 59 72 71 48 76 67 38 10
Card 166:  7 68  6 53 46 62 60 20 45 19 | 60 63 13 68 91 19 32 62 36 45  6 11 94 33 15 99 53 81 88 21 20  7 69 85 46
Card 167: 70 78 48 40  5 28  9 50 35 22 | 26 34 97 87 36 95 92 54 88 96 38 49 64 65 61 24 89  3 50 47 31 74 33 41 83
Card 168: 47 65 35  6  3 66 28 43 80 12 | 47 12 66 89 65 35  6 22 97  5 74 80 99 57 67 43 93 54 29 28 39 87  3 76 91
Card 169: 78 58  2 81 72 71 40 75 13 87 | 99 40 52 92 78 76 26 28 72 13 69  2 23 70 15 87 54 64 71 55 27 62 67 75 81
Card 170: 47 40 78 93 17 59 15 20 79 74 | 17 94 38 37 46 11 76 22 16 51 49  4 63 69 95 36 57 39 56 28 19 92 12 73  8
Card 171: 61 40 46 36 22 56 39 44 60 83 | 37 56 12 50 38 95 85 40 77 61 27  2  1  8  3 64 19 53 43 11 75 34 49 58 87
Card 172: 24 36 47 68 64 15 66 77 97 67 | 61  2 12 27  7 48 86 99 56 44 42 21 20 31 26 80 17  4 84 23  8 50 35 29 25
Card 173: 24 16 93 25 12 31 49 40  4 81 | 36 38 34 40 93 45 75 80 13 24 97 81 82 69 77 33 12 58 35 28 88 26  3 72 90
Card 174:  8  9 82 83  6 50 44 80 35 62 | 95  6 82 20 74 80  8 51 25  3 13 44 79  7 48 35 97 91 83 30 57 50 47 62  9
Card 175: 17 16 98  9 52 86 55 24 59 64 | 24 45 80 64 87  9 73 16 52 96 43 17 50 46 28 98 82  6 26 59 92 55 86 11 95
Card 176: 54 47 55 14 49 46 85 27 22 82 | 26 39 75 41 77 22 43 25 11 31 24 14 89  8 28 81  9 33 95 60 46 80 83 87 51
Card 177: 50 81 48 91 46  8 18 11 93 77 | 11 49 44 34 40 33 81 16  1 82 19 57 83  3 91 10 39 13 48  5 70 99 23 88 77
Card 178: 73 63 88 77 52 44 71 35 57 43 | 57 48 26 42 64 37 62 53 32 59 82  6 83 33 90 12 28 95 19 79 15 27 38 13  3
Card 179: 51 41  9 10 43 24 44 56 60 96 | 72 41 58 86 80 90 38 84 91 75 37  8 74 49 39 36 73 82 17 29 71 87 64  2 94
Card 180: 58 85 55 83  7 60 74 82 26 45 | 40 85 78 50 26 82 22  6 57 99  4 67 86 55 45 33 13 44  7 73 10 93 94 83 58
Card 181: 96 73 24 41 54 67 11 18 25 55 |  1 85 77 19  7 42 45 88 67 55 60 23 35 81 61 31 29 94 48 78 64 18 11  4 50
Card 182: 36 25 23 59 24 29 96 33 50 94 | 75 96 14 49 20  1 69 23 83 33 82 13 92 41 27 55 98 21 50 95 16 17 59 73 78
Card 183: 23 40  7 44 55 68 31 62 84 88 | 50 37 66  2 20 44 87 79 98 97 95 96  5 21 73 35  4 81 31 14 42 15 71 59 28
Card 184: 68 89 54 87 76 61 16 85 29 19 | 78 51 50  8 46 79 47 74 62 41 63 66 81 55 65 14 15 25 69 30  7 85 19 40 29
Card 185: 29 22 27 56 37 66 52 40 60 13 | 97 55 61 52 79  8 64 98 29 57 31 17 35 92 62  5 81 88 45 91 15 70 86 95 60
Card 186: 20 29 69 70 95 25 16 41 67 14 | 17 35 94 32 82  7 12 99  2  8 23 13 73 47 44 11 36 77 76  3 26 49 48 81  6
Card 187: 48 33 28 91 27 92  3 18 63 70 | 10 16 31 89 57 44 50 20 17 74 77 24 81 88 98 41 84 46  5 80 95  2 11 72 43
Card 188: 33 42 23 98  1 50 27 17 47 57 | 31 34 94 38 96  7 18 69 36 19 37 72 43 89 24 55 39 41  9 11  5 13 62 54 49
Card 189:  5 31 38 55 81 60  8 75 48 83 | 67 43 73 77 20 72 13 35 26 78 50 18  4 37 11 89  3 21 94 47 28 74 63 46 52
Card 190: 98 51 54 44 33 18 23 93 65 99 | 86  1 16 51 74  7 50 32 33 54 42 18 65 93 15 62 57 68 44 98 67 23 99  2  3
Card 191: 52 73 62  1 98 24 60 33 19 42 | 25 59 33 83 23 20 36  6 73 62 43  7 52 42 95 60 31  1 98 14 40 85 50 19  9
Card 192:  2 99 24 71 87 36 55 82 21 76 | 98 99 41 57 96 16  3 38 24  7 87 17 55 44 76 30 21  2 28 62 36 51 78 82 71
Card 193: 36 19 11 15 25 89 59  9 91 31 | 18 91 99 11 27 80 51 63 77 19 69 49 31  9 25  1 36 70 60 15 82 59 88 38 89
Card 194: 78 48 67  1 98 73 80 92  8 69 | 97 18 92 48 30 67 73 78  8 12 52 56 58 50 98 49 29  1 61 31 19 69 71 80 10
Card 195: 52 41 57 31 15 18 97 37 25 98 | 82 15 18 26 57 97 81 41 27 66 48 25 22 69 63 37 83 14 31 52 99 65 98 49 47
Card 196: 52 97  8 21 99 32 46 24  3 43 | 86 10 57 81 52 46  8 43 63 13  3 22 99  1 16 24 70 96 32 90 88 97 61 55 21
Card 197: 28 82 26  7 20 46 78 30 15 31 | 91 78 13 19 36 54  7 28 46 26 84 40 58 20  3 45 15 35 31 82 18  9 32 52 30
Card 198: 83 49 13 53 74 33 17 59 56 81 | 99 33  4 97  7 30 22 45 55 73 61 38 79 80 91 84 43 35  8 57 11 42 86 62 94
Card 199: 71 56 21 76 74 45 10 32 53 43 | 36 16 67 62  3 59 45 76 25 74 29 22 56 94 17 32 71 96  1 89  6 98 43 65 53
Card 200: 72 61 60 57 45 40 83 55 10 81 | 83 10 72 61 19  7 69  2 45 60 59 78 57 13 54 71  4 86 48 22 20 81 40 55 38
Card 201: 66 22 32  6 53 75 67  1 94 55 | 66  3 70 87 16 94  1 32 20 22 98 11 84 67 83 40 58 55 36 56 51 75 62 53  6
Card 202: 17 33 20 85 54 16 88 58 31 26 | 82 46 81 11 76  5 55  2 39 53 68 87 64 37 22 72 17 99 14  7 61 26 35 65 79
Card 203: 44 12 64 89 53 54 57 91 82 37 | 95 54 90 80 94 63 73 44 98 91 37 25 12 56 41 82  7 89 57 64 13  3 51 33 18
Card 204: 95 21 66  8 74 20 27 65 69 17 | 26 83 66 72 20 36 27 95 39 91 65 42 94 69  8 55  5 15 21  1 17 10 79 74 43
Card 205: 57  9 20 68 99 46 59 64 49  2 | 89 37 77 85 70  1 33  8 11 22 71 82 35 21 50 47  4 18  6 86 55 97  3 78 52
Card 206: 12 37 34 95 50 82 52 80  7 96 | 96 22 12 74 90 55  4 78 52  5 79 34 87  7 73 56 83 91  1 16 85 11 50 36 82
Card 207: 23 76 34 24 13 69 46 32 12 60 | 51 26 46  9 72 69 15 23 56 24 76 12 60 53 39 32 79  8 59 21 71 86 34 13 93
Card 208: 59 14 93 72 70 62 35  4 28 12 | 64 74 44 68 69 77 21 56 79 51 52  2 26 53 89 27 32 75  6  8 66 49 71  5 43
Card 209: 55 40 69 86  9 95 66 97 32 84 | 66 84  9 27 40 62 16 55 20 99 77 89 78 33 80 32 42 53 57 97 59 54 11 37 44
Card 210: 33 83 58 73 22  8 63  6 23 36 |  4 81 62 34  9 30 22  7 91 55 68  8  3 17 56 83 69 77 28 73 19 58 51  5 63
Card 211: 81 89 59 35 44  8 74 99 40 65 | 91 58 10  3 89  7 33 96 13 85 35 65 20 62 30  6 55 31 64 47 84 29 48 23 53
Card 212: 24 81 75 59 54 83 18 13 35 71 | 13 30 46 35 54 77 29 81 96 85 56 49 83 12 48 26  8 71 24 15 32 90 80 57  6
Card 213: 43 70 19 32  3 59 82 66 53 81 | 75  3 76 22 24 81 32 52 10 31 72 25 57 63 78 55 99 77 80 84 34 14 29 19 56
Card 214: 37  5  7 51 35 72 61 42 71 79 | 58 73 81  4 57 82 70 16 24 27  9 60 56 55 69 54 12 66 89 45 44 75 97 31 48
Card 215: 85 92  5 79 64 74 86  3 34 63 | 96 92 39 72 71  1 58 15 43 25 93 89 18 81 44 42 86 36 64 91 23 52 75 98 50
Card 216: 59 58  5 39 70 82 56 33 86 73 | 87 54 71  5  7 74  1 88 93 99 32 38 20 41 24 80 94 79 53 83 65 52 51 48 17
Card 217: 81 25 68 19  9 36 12  2 60 33 | 94 16 35 78 91 45 65 37 59 34 42 39 26 11 46 50 67 17 21 70 88 54  8 86 27
Card 218: 79 65 68 23 74 86 37 61 78 13 | 15 40 58 73 25 83  3 77 17 38 29 20 90 42 59 76 61 89 51 56  6 57 97 44 47
Card 219: 71 58 80 29 45 51 94 12 78 43 | 67  3 61 30 46 93 86 87 55 22 38 13  6 85 64 32 31 73 37 15 77 84 35 19 91
Card 220: 39 44 13 41 83  9 81 55 29 67 | 51 14 46 76 69  8 28 63 10  6 90 38 75 18 20 97 54 96 45 86 66 35 34 23 98
