3,4,70~8,4,70
7,4,243~7,6,243
7,2,202~7,2,286
3,3,249~7,3,249
3,9,244~6,9,244
3,3,227~3,4,227
7,6,258~7,6,281
2,3,48~2,9,48
9,2,171~9,7,171
3,4,119~3,8,119
1,2,294~3,2,294
7,5,71~7,5,221
3,9,173~4,9,173
9,3,119~9,6,119
1,1,273~1,3,273
0,7,27~0,7,27
4,6,88~8,6,88
0,3,73~0,3,73
2,6,260~3,6,260
8,2,251~8,6,251
3,0,133~3,5,133
2,6,222~4,6,222
0,1,142~0,5,142
1,0,182~8,0,182
1,9,1~1,9,1
4,0,169~4,9,169
1,2,3~6,2,3
6,0,22~6,6,22
1,9,188~5,9,188
5,0,63~5,4,63
0,0,151~0,0,151
1,3,222~1,3,222
1,7,242~8,7,242
0,7,280~1,7,280
4,3,197~4,7,197
1,4,84~2,4,84
5,0,131~5,9,131
2,3,278~4,3,278
4,5,8~6,5,8
1,5,25~4,5,25
1,3,147~5,3,147
7,3,58~7,7,58
4,8,288~9,8,288
0,4,44~0,7,44
0,3,188~6,3,188
0,1,209~2,1,209
4,8,33~4,8,33
2,4,258~6,4,258
4,8,181~8,8,181
2,0,15~8,0,15
4,3,20~4,6,20
2,4,38~7,4,38
1,4,279~1,9,279
6,0,202~6,3,202
9,0,298~9,8,298
1,6,228~8,6,228
3,3,83~3,3,83
5,4,296~5,4,297
3,1,65~9,1,65
2,2,188~2,2,188
3,1,224~3,7,224
4,3,168~5,3,168
2,4,113~7,4,113
1,1,33~7,1,33
2,4,87~4,4,87
8,3,60~8,7,60
2,6,77~9,6,77
2,9,206~3,9,206
2,0,45~2,3,45
4,3,77~4,3,77
4,7,142~7,7,142
4,6,121~7,6,121
3,9,150~3,9,150
2,0,79~2,1,79
0,8,258~1,8,258
0,9,60~3,9,60
4,2,287~8,2,287
1,7,147~6,7,147
0,2,122~0,9,122
0,3,159~0,4,159
4,0,74~4,4,74
9,0,243~9,0,292
1,0,69~1,4,69
4,3,13~4,4,13
1,4,110~5,4,110
3,0,172~5,0,172
1,1,214~1,5,214
1,0,21~4,0,21
1,4,95~2,4,95
0,6,37~7,6,37
4,8,238~5,8,238
3,2,94~3,9,94
0,0,35~3,0,35
2,6,118~4,6,118
0,4,271~0,6,271
2,5,233~6,5,233
1,6,189~2,6,189
3,1,58~4,1,58
3,6,266~3,6,267
9,0,143~9,0,143
4,8,30~5,8,30
2,4,138~4,4,138
4,7,77~4,7,77
5,2,122~5,5,122
2,6,50~5,6,50
3,9,253~6,9,253
5,1,133~5,8,133
8,1,192~8,8,192
5,3,155~5,6,155
9,1,136~9,3,136
0,0,70~4,0,70
1,1,16~4,1,16
5,0,279~5,7,279
1,4,167~1,4,167
0,3,114~4,3,114
5,3,92~5,8,92
3,0,293~7,0,293
9,4,143~9,9,143
4,0,129~4,3,129
5,2,101~5,6,101
1,0,90~5,0,90
4,1,297~8,1,297
4,0,282~7,0,282
6,3,268~6,5,268
2,6,146~7,6,146
3,6,98~4,6,98
0,2,201~8,2,201
0,3,196~4,3,196
5,2,128~5,7,128
2,8,144~6,8,144
7,0,90~7,2,90
2,5,174~5,5,174
3,4,95~3,6,95
0,3,294~4,3,294
4,0,32~7,0,32
1,4,187~1,7,187
1,9,126~4,9,126
9,3,176~9,8,176
0,4,14~5,4,14
4,9,85~9,9,85
1,3,235~1,4,235
5,0,209~5,4,209
3,3,248~5,3,248
0,1,10~1,1,10
0,4,22~0,6,22
9,1,260~9,7,260
2,7,39~7,7,39
4,3,51~5,3,51
2,6,27~9,6,27
3,4,93~3,9,93
6,3,30~6,3,169
1,0,273~1,0,280
4,7,85~5,7,85
3,1,278~8,1,278
4,2,105~4,9,105
2,1,9~2,9,9
1,1,233~1,9,233
4,4,114~6,4,114
8,1,8~8,9,8
4,1,294~9,1,294
4,5,119~6,5,119
0,3,87~4,3,87
1,4,132~2,4,132
1,8,214~1,8,218
1,4,124~5,4,124
8,4,107~8,7,107
1,2,38~2,2,38
4,0,184~4,0,184
4,8,68~4,8,95
3,6,58~6,6,58
9,1,168~9,1,230
4,4,286~8,4,286
2,5,193~2,5,193
5,4,61~5,4,61
3,6,139~7,6,139
6,3,186~6,8,186
1,5,97~4,5,97
4,2,37~9,2,37
3,5,235~9,5,235
0,0,55~2,0,55
6,4,188~6,6,188
1,1,254~1,5,254
3,8,1~9,8,1
0,5,29~0,5,29
0,2,80~0,2,80
8,1,210~8,4,210
2,3,183~6,3,183
0,1,293~0,4,293
3,7,262~8,7,262
1,8,7~3,8,7
6,6,170~6,6,180
5,0,98~5,5,98
1,4,266~1,4,266
9,2,270~9,8,270
4,7,284~5,7,284
0,2,121~9,2,121
4,3,122~4,8,122
3,7,145~5,7,145
8,3,254~8,4,254
1,1,156~7,1,156
0,8,113~3,8,113
6,4,288~6,5,288
1,1,61~1,1,61
4,1,53~7,1,53
1,7,25~1,7,25
0,3,145~5,3,145
4,5,230~4,5,230
3,9,181~8,9,181
1,0,44~1,4,44
1,1,173~1,6,173
2,4,57~2,5,57
2,4,194~2,4,194
1,1,290~8,1,290
0,0,23~0,0,23
4,8,286~8,8,286
0,6,96~9,6,96
3,0,156~6,0,156
0,9,123~2,9,123
5,3,21~5,7,21
4,6,91~6,6,91
0,2,96~0,2,96
3,0,290~4,0,290
4,1,262~6,1,262
2,6,66~7,6,66
8,0,159~8,7,159
5,4,148~5,6,148
5,2,273~5,2,273
5,2,32~5,4,32
3,1,9~5,1,9
7,0,14~7,3,14
2,5,39~9,5,39
2,3,210~4,3,210
8,2,175~8,4,175
9,1,76~9,6,76
0,3,15~3,3,15
0,0,161~4,0,161
5,0,4~5,7,4
2,8,288~3,8,288
3,9,299~5,9,299
0,4,4~1,4,4
8,2,222~8,8,222
0,0,205~1,0,205
1,4,170~1,7,170
8,1,98~8,3,98
1,8,298~3,8,298
3,6,270~6,6,270
3,9,109~9,9,109
1,7,133~4,7,133
3,9,143~5,9,143
0,4,165~1,4,165
1,2,36~6,2,36
3,5,103~5,5,103
1,4,66~1,9,66
5,0,184~5,8,184
4,6,168~8,6,168
0,1,211~0,1,211
5,6,200~5,6,212
1,1,190~1,8,190
4,5,45~8,5,45
1,7,100~8,7,100
7,3,109~7,4,109
1,4,298~2,4,298
1,4,127~7,4,127
6,4,106~6,5,106
0,0,56~0,3,56
1,5,255~2,5,255
1,6,188~3,6,188
1,3,166~1,9,166
3,1,199~3,5,199
2,2,47~2,5,47
3,5,26~8,5,26
1,1,250~6,1,250
4,2,96~8,2,96
4,0,35~4,5,35
4,7,239~7,7,239
1,5,2~7,5,2
1,9,203~8,9,203
4,8,139~9,8,139
8,0,267~8,8,267
1,5,4~4,5,4
0,3,16~0,7,16
0,1,183~4,1,183
4,8,234~6,8,234
1,2,223~6,2,223
3,0,272~8,0,272
3,0,19~6,0,19
4,9,251~7,9,251
1,7,7~1,7,7
6,3,267~6,9,267
4,2,228~6,2,228
0,2,116~7,2,116
7,1,73~7,2,73
1,4,287~1,9,287
3,4,9~6,4,9
2,3,143~2,9,143
0,2,29~0,4,29
6,4,200~6,7,200
1,2,77~2,2,77
3,6,257~7,6,257
0,3,211~7,3,211
9,3,206~9,7,206
3,1,200~3,6,200
1,0,189~9,0,189
1,5,259~2,5,259
1,0,60~1,3,60
4,1,108~4,1,108
0,4,55~6,4,55
7,2,23~7,7,23
1,6,220~6,6,220
4,6,266~6,6,266
4,5,163~6,5,163
6,4,136~6,9,136
0,7,89~5,7,89
4,7,250~7,7,250
1,5,36~3,5,36
3,6,24~9,6,24
0,9,129~9,9,129
1,9,208~6,9,208
4,4,63~4,4,63
4,8,274~9,8,274
4,8,141~7,8,141
0,4,89~6,4,89
3,1,123~7,1,123
0,2,93~0,9,93
1,0,208~1,0,208
3,5,208~3,5,208
4,5,223~7,5,223
1,4,10~9,4,10
0,6,175~1,6,175
4,9,217~4,9,217
0,9,240~3,9,240
3,1,232~9,1,232
4,0,27~7,0,27
0,5,6~7,5,6
1,1,269~3,1,269
1,5,96~1,5,96
0,6,28~7,6,28
0,5,151~0,5,151
3,9,285~8,9,285
4,3,288~9,3,288
0,0,288~0,0,288
3,6,229~3,6,229
3,6,193~6,6,193
2,9,211~8,9,211
0,4,273~0,4,273
0,0,239~9,0,239
0,1,210~3,1,210
4,8,109~6,8,109
8,0,230~8,9,230
0,8,262~0,8,262
2,1,49~2,7,49
2,2,217~2,2,217
8,1,109~8,5,109
4,2,203~4,3,203
4,3,175~7,3,175
1,1,74~1,3,74
0,3,25~8,3,25
2,6,131~2,6,131
1,0,204~1,0,204
2,5,267~4,5,267
7,0,84~7,0,84
1,4,65~2,4,65
1,9,282~1,9,282
3,4,206~5,4,206
3,0,173~8,0,173
1,3,152~4,3,152
3,3,110~4,3,110
0,8,164~5,8,164
8,1,147~8,5,147
7,1,198~7,3,198
0,4,195~4,4,195
4,3,154~4,6,154
9,0,141~9,4,141
2,1,281~2,8,281
3,8,278~7,8,278
0,4,277~5,4,277
0,5,258~0,5,258
4,7,209~8,7,209
0,8,283~8,8,283
2,3,30~2,8,30
5,2,179~5,2,179
3,4,263~4,4,263
9,0,8~9,2,8
3,0,176~8,0,176
0,8,225~0,8,242
2,1,154~4,1,154
2,2,167~6,2,167
2,5,144~4,5,144
3,3,198~3,3,198
6,0,98~6,2,98
4,4,57~5,4,57
4,8,152~5,8,152
3,9,44~9,9,44
7,0,91~7,0,91
4,8,248~4,8,248
0,2,232~1,2,232
3,2,176~3,8,176
9,5,199~9,5,202
2,3,240~2,8,240
0,1,245~0,2,245
2,7,84~5,7,84
0,1,158~7,1,158
5,4,25~5,7,25
5,2,108~5,2,108
4,0,98~4,4,98
6,0,273~6,0,273
1,3,282~1,3,282
1,3,260~7,3,260
1,0,14~1,0,14
1,5,93~2,5,93
1,4,134~9,4,134
2,8,61~4,8,61
2,6,269~2,6,269
2,4,264~8,4,264
2,0,48~8,0,48
3,2,241~4,2,241
3,3,85~5,3,85
3,0,18~8,0,18
0,4,31~5,4,31
2,1,130~2,5,130
2,0,100~2,2,100
0,4,220~7,4,220
4,9,102~7,9,102
6,0,33~6,0,33
4,2,170~9,2,170
3,3,153~3,3,153
0,8,193~1,8,193
2,1,168~4,1,168
3,2,70~3,2,70
3,7,27~9,7,27
6,0,219~6,8,219
9,4,230~9,6,230
1,6,252~2,6,252
0,6,108~9,6,108
3,2,114~6,2,114
1,1,187~7,1,187
4,7,213~9,7,213
1,3,109~4,3,109
4,7,118~4,7,118
8,2,139~8,2,139
4,8,230~6,8,230
4,7,237~5,7,237
2,0,244~2,7,244
0,0,66~0,8,66
3,6,114~4,6,114
1,4,286~1,4,286
1,1,199~2,1,199
5,4,215~5,7,215
9,4,14~9,6,14
2,9,179~7,9,179
3,7,149~8,7,149
2,4,297~2,9,297
0,8,132~0,8,132
3,7,285~7,7,285
4,3,246~7,3,246
7,3,155~7,3,155
0,4,178~3,4,178
8,1,49~8,8,49
4,6,83~8,6,83
0,0,198~0,0,198
8,4,241~8,6,241
6,3,192~6,3,192
0,8,292~6,8,292
0,1,214~0,1,214
3,2,40~5,2,40
0,1,234~0,4,234
0,8,261~9,8,261
2,9,27~2,9,27
3,0,71~3,0,71
1,9,47~9,9,47
4,0,276~7,0,276
4,9,70~6,9,70
4,0,181~4,3,181
0,3,4~3,3,4
3,0,225~4,0,225
6,2,279~6,2,279
3,6,221~3,6,221
1,2,16~1,8,16
3,4,283~7,4,283
8,0,145~8,4,145
0,2,153~1,2,153
1,5,284~7,5,284
4,8,124~9,8,124
1,1,91~3,1,91
3,9,243~7,9,243
4,2,30~6,2,30
3,8,13~3,8,13
1,6,199~4,6,199
4,6,252~8,6,252
2,9,219~4,9,219
4,0,179~4,5,179
4,9,207~6,9,207
0,2,87~8,2,87
1,0,285~1,9,285
0,0,138~0,0,138
4,1,38~9,1,38
4,9,212~4,9,212
4,9,187~8,9,187
0,1,42~2,1,42
3,1,102~3,8,102
5,0,213~5,3,213
3,4,270~3,5,270
2,5,61~5,5,61
8,0,297~8,0,298
1,8,241~7,8,241
3,1,180~7,1,180
4,4,176~4,9,176
1,3,225~1,4,225
0,6,113~0,6,113
5,1,291~5,7,291
1,8,92~3,8,92
4,2,72~4,2,72
5,3,156~5,6,156
4,7,44~5,7,44
4,3,6~4,3,6
3,0,175~3,2,175
5,3,16~5,9,16
5,0,71~5,4,71
3,2,106~3,2,106
2,1,289~9,1,289
2,9,87~7,9,87
3,6,112~5,6,112
0,4,103~3,4,103
1,1,129~1,3,129
7,0,166~7,0,166
2,9,116~9,9,116
4,2,255~4,9,255
8,0,19~8,3,19
2,2,44~2,4,44
3,4,218~7,4,218
8,3,111~8,6,111
2,1,142~2,1,142
9,0,98~9,1,98
3,9,170~5,9,170
2,5,290~7,5,290
1,5,126~1,5,126
2,0,73~4,0,73
2,4,185~2,6,185
0,4,45~6,4,45
3,4,16~3,9,16
1,2,291~1,5,291
3,8,212~6,8,212
3,8,296~7,8,296
1,1,289~1,2,289
2,3,69~4,3,69
4,6,113~8,6,113
8,2,204~8,8,204
3,2,46~7,2,46
2,2,89~8,2,89
2,1,246~7,1,246
4,2,104~4,8,104
2,5,222~3,5,222
0,1,149~0,8,149
8,1,292~8,9,292
3,8,228~5,8,228
4,7,269~9,7,269
2,0,54~9,0,54
2,0,250~2,0,250
5,4,77~5,4,77
0,8,243~6,8,243
1,7,158~8,7,158
3,9,133~3,9,133
0,4,207~5,4,207
1,1,124~1,3,124
0,1,48~9,1,48
3,9,154~8,9,154
2,2,204~2,5,204
2,2,224~2,4,224
0,6,69~6,6,69
0,2,52~8,2,52
9,2,127~9,9,127
4,0,295~4,0,297
7,4,238~7,7,238
5,3,22~5,7,22
4,4,7~4,7,7
1,6,11~1,6,11
2,3,60~2,4,60
4,0,241~4,1,241
4,4,199~5,4,199
1,4,221~1,8,221
0,4,264~1,4,264
1,0,103~1,0,103
4,6,278~6,6,278
2,8,191~2,8,191
9,1,103~9,7,103
2,1,238~9,1,238
0,8,277~8,8,277
4,4,36~7,4,36
1,9,132~9,9,132
1,9,140~2,9,140
0,7,148~7,7,148
3,5,154~3,5,154
2,1,83~6,1,83
3,1,145~5,1,145
3,1,228~5,1,228
1,3,106~1,5,106
1,5,164~1,5,164
1,0,138~8,0,138
2,7,274~3,7,274
4,8,154~6,8,154
0,7,110~2,7,110
3,0,171~3,0,171
0,1,287~0,4,287
2,0,24~7,0,24
1,3,269~6,3,269
3,5,250~5,5,250
1,8,62~5,8,62
2,2,17~2,9,17
0,8,163~6,8,163
3,4,144~5,4,144
3,5,65~6,5,65
1,2,86~5,2,86
9,2,174~9,3,174
2,0,126~8,0,126
2,9,117~6,9,117
0,9,225~5,9,225
2,6,171~4,6,171
9,3,225~9,8,225
0,7,222~4,7,222
4,3,253~7,3,253
0,6,40~0,6,40
2,3,171~2,3,171
1,1,146~9,1,146
0,6,151~3,6,151
0,4,24~7,4,24
3,8,233~8,8,233
4,8,165~5,8,165
6,3,262~6,5,262
0,1,272~2,1,272
1,4,232~4,4,232
4,0,271~4,0,271
1,2,220~6,2,220
4,6,239~4,6,239
7,3,247~7,6,247
4,8,67~5,8,67
2,2,172~9,2,172
4,8,223~7,8,223
9,2,286~9,9,286
7,4,291~7,9,291
1,2,54~1,3,54
9,3,216~9,4,216
1,6,215~1,6,215
0,0,99~0,0,99
5,2,268~5,6,268
9,0,90~9,2,90
2,2,216~2,2,216
3,1,19~3,5,19
2,6,172~5,6,172
0,0,259~8,0,259
4,5,49~5,5,49
0,7,163~8,7,163
4,5,277~4,5,277
1,1,161~1,3,161
1,1,24~7,1,24
2,4,80~9,4,80
1,2,145~4,2,145
2,4,287~7,4,287
0,8,140~0,8,140
5,4,204~5,4,204
8,1,9~8,8,9
1,5,229~4,5,229
2,7,218~7,7,218
4,4,252~4,4,252
3,0,226~5,0,226
5,1,227~5,5,227
7,3,7~7,7,7
1,2,152~6,2,152
3,2,71~4,2,71
3,3,173~6,3,173
3,7,178~7,7,178
0,9,214~2,9,214
3,1,265~6,1,265
1,1,68~5,1,68
9,1,100~9,3,100
1,1,119~3,1,119
0,0,86~0,0,86
6,3,16~6,8,16
3,7,68~7,7,68
8,2,156~8,8,156
3,8,295~6,8,295
4,8,207~9,8,207
4,0,151~9,0,151
8,3,3~8,8,3
2,6,53~5,6,53
3,7,50~8,7,50
1,7,117~1,7,117
5,3,193~5,4,193
0,3,228~0,5,228
0,4,206~2,4,206
3,7,252~3,7,252
0,4,137~8,4,137
0,9,261~1,9,261
0,6,6~8,6,6
0,4,218~0,7,218
3,3,162~3,5,162
8,3,2~8,4,2
1,1,51~1,1,51
3,3,165~4,3,165
1,9,234~4,9,234
1,3,216~6,3,216
9,2,182~9,8,182
2,1,193~6,1,193
1,0,53~9,0,53
0,1,251~4,1,251
4,4,170~9,4,170
2,0,201~4,0,201
2,3,299~5,3,299
0,7,165~1,7,165
0,2,166~1,2,166
9,0,40~9,5,40
0,4,12~8,4,12
5,4,282~5,7,282
3,9,178~5,9,178
2,0,154~7,0,154
2,0,131~2,4,131
3,5,81~5,5,81
2,1,139~3,1,139
4,2,276~4,5,276
2,6,200~2,6,200
2,7,188~9,7,188
9,2,107~9,4,107
9,1,27~9,4,27
2,3,213~4,3,213
1,9,124~5,9,124
0,1,107~6,1,107
2,4,296~2,6,296
2,4,13~2,7,13
6,0,222~6,9,222
2,8,100~5,8,100
2,4,275~8,4,275
3,4,132~3,4,132
1,4,22~1,6,22
1,4,154~1,4,154
3,8,203~5,8,203
1,2,20~1,2,20
4,2,99~8,2,99
1,1,102~2,1,102
3,9,39~8,9,39
2,3,88~2,4,88
3,2,129~3,8,129
1,0,117~8,0,117
3,0,279~3,4,279
1,2,147~3,2,147
2,9,181~2,9,181
5,3,228~5,5,228
3,7,270~4,7,270
1,1,115~1,4,115
4,5,110~6,5,110
4,1,175~7,1,175
7,4,19~7,4,19
0,7,69~0,7,69
3,7,236~7,7,236
1,1,117~2,1,117
4,2,204~4,3,204
4,9,150~4,9,150
3,1,15~9,1,15
1,8,160~8,8,160
9,1,150~9,8,150
4,8,244~4,8,244
8,0,271~8,5,271
4,1,298~6,1,298
1,7,216~3,7,216
2,2,160~2,7,160
9,2,96~9,2,96
2,8,236~8,8,236
9,3,234~9,5,234
1,1,155~1,9,155
3,9,287~8,9,287
8,4,233~8,4,233
3,9,294~5,9,294
3,0,139~6,0,139
0,4,53~9,4,53
0,0,142~3,0,142
2,1,27~4,1,27
9,1,138~9,6,138
2,9,118~6,9,118
5,4,68~5,5,68
7,1,161~7,2,161
2,8,219~4,8,219
1,0,227~1,2,227
2,0,184~2,2,184
4,5,143~4,5,143
2,8,125~2,8,125
8,1,155~8,5,155
9,0,55~9,6,55
4,7,110~9,7,110
4,1,268~5,1,268
2,0,83~7,0,83
1,5,253~6,5,253
0,1,185~7,1,185
0,2,251~6,2,251
2,6,29~4,6,29
2,9,145~6,9,145
1,4,249~1,5,249
1,6,43~3,6,43
5,4,255~5,6,255
9,0,92~9,0,92
5,2,117~5,6,117
0,1,86~2,1,86
4,6,248~5,6,248
0,4,274~0,4,274
3,5,21~4,5,21
4,2,215~4,2,215
7,1,51~7,7,51
0,4,39~3,4,39
1,3,8~3,3,8
3,7,44~3,7,44
3,7,141~5,7,141
0,7,288~3,7,288
3,5,84~6,5,84
1,0,192~2,0,192
5,3,95~5,5,95
5,4,125~5,7,125
3,2,79~3,7,79
0,9,266~7,9,266
0,0,80~5,0,80
1,9,137~3,9,137
4,4,161~5,4,161
9,4,180~9,9,180
8,2,114~8,5,114
3,6,179~5,6,179
1,1,171~1,1,171
4,2,194~9,2,194
0,5,208~0,5,208
4,0,38~4,0,38
1,7,257~5,7,257
4,5,62~9,5,62
3,3,241~8,3,241
3,6,285~8,6,285
3,0,203~3,4,203
4,8,129~8,8,129
2,9,52~4,9,52
1,6,106~1,6,106
4,8,186~5,8,186
0,1,263~4,1,263
3,2,54~8,2,54
2,3,26~2,8,26
2,0,236~9,0,236
2,8,36~9,8,36
0,3,8~0,3,8
0,2,295~3,2,295
3,6,130~6,6,130
4,2,293~7,2,293
4,9,108~5,9,108
2,9,157~7,9,157
7,4,227~7,9,227
0,5,69~8,5,69
2,4,169~2,6,169
4,2,279~4,4,279
2,1,76~7,1,76
0,0,3~0,9,3
1,3,104~3,3,104
3,4,5~6,4,5
4,0,51~8,0,51
1,5,163~3,5,163
2,7,21~3,7,21
1,2,184~1,7,184
0,8,269~4,8,269
1,5,148~1,5,148
1,1,73~1,1,73
0,2,113~7,2,113
2,3,250~2,5,250
4,5,205~6,5,205
4,3,136~4,6,136
1,4,168~1,8,168
1,1,200~1,1,200
3,4,147~3,4,147
2,9,185~5,9,185
2,7,280~7,7,280
8,5,254~8,5,257
2,4,75~7,4,75
9,0,31~9,9,31
0,0,283~4,0,283
0,9,165~9,9,165
1,9,78~7,9,78
1,4,243~5,4,243
0,5,196~0,5,196
5,4,166~5,5,166
3,1,30~8,1,30
6,0,255~6,0,255
2,1,208~2,6,208
1,4,59~7,4,59
2,2,153~2,6,153
2,4,139~2,8,139
1,0,16~2,0,16
6,1,75~6,2,75
0,2,259~0,4,259
5,2,56~5,9,56
4,1,23~9,1,23
4,8,103~9,8,103
1,8,57~7,8,57
1,1,293~8,1,293
0,0,105~0,3,105
0,9,53~2,9,53
4,1,46~5,1,46
8,1,56~8,5,56
5,1,104~5,2,104
3,4,120~4,4,120
0,4,177~4,4,177
0,3,11~7,3,11
3,1,57~3,7,57
1,9,283~7,9,283
0,2,224~1,2,224
4,7,35~7,7,35
4,9,200~9,9,200
1,6,150~2,6,150
3,6,196~9,6,196
4,1,60~4,2,60
5,3,181~5,7,181
2,4,278~2,7,278
4,2,296~5,2,296
2,5,173~2,5,173
2,8,279~4,8,279
2,3,53~3,3,53
8,0,111~8,2,111
3,0,178~6,0,178
7,0,221~7,0,221
4,0,234~5,0,234
2,2,76~2,7,76
1,0,198~6,0,198
2,0,193~2,0,193
1,9,298~5,9,298
1,6,256~6,6,256
3,6,19~4,6,19
1,2,126~3,2,126
1,5,185~1,5,185
1,1,286~2,1,286
3,6,56~4,6,56
0,4,145~0,8,145
1,2,213~1,7,213
0,2,188~1,2,188
4,7,217~7,7,217
5,4,72~5,5,72
1,1,236~6,1,236
6,4,100~6,4,100
2,1,37~2,5,37
2,1,129~2,8,129
2,2,263~2,6,263
4,4,208~6,4,208
3,3,169~3,9,169
4,8,166~6,8,166
3,9,38~9,9,38
1,5,80~5,5,80
0,3,63~2,3,63
0,4,200~0,4,200
4,8,220~4,8,220
0,2,243~5,2,243
7,0,136~7,1,136
4,0,274~4,0,274
9,0,113~9,2,113
3,4,164~3,7,164
2,3,190~5,3,190
7,0,61~7,4,61
3,7,183~8,7,183
1,0,214~2,0,214
4,9,231~8,9,231
4,1,182~4,5,182
2,9,75~3,9,75
8,3,41~8,6,41
3,0,37~6,0,37
1,8,124~1,8,124
0,7,18~8,7,18
1,1,127~8,1,127
1,7,171~3,7,171
2,5,149~6,5,149
1,7,120~1,7,120
0,2,95~8,2,95
1,8,205~1,8,205
4,7,94~4,7,94
4,6,41~5,6,41
2,3,241~2,6,241
2,1,260~2,2,260
0,5,225~4,5,225
9,1,149~9,5,149
4,9,236~4,9,236
0,3,169~0,5,169
1,9,119~7,9,119
3,1,181~3,4,181
0,1,133~0,6,133
0,7,43~0,7,43
0,2,185~3,2,185
4,0,41~5,0,41
0,3,24~8,3,24
4,1,151~6,1,151
2,1,162~2,2,162
9,2,295~9,3,295
3,3,256~3,3,256
4,2,159~4,4,159
2,0,227~3,0,227
0,4,81~1,4,81
5,1,269~5,2,269
1,2,64~4,2,64
0,7,259~8,7,259
2,0,273~2,0,273
2,2,93~4,2,93
1,0,8~1,0,8
2,0,216~7,0,216
2,4,271~6,4,271
0,0,37~0,3,37
2,7,59~9,7,59
2,5,1~3,5,1
2,8,59~6,8,59
1,7,282~2,7,282
0,9,175~1,9,175
0,3,44~0,3,44
0,8,29~4,8,29
2,9,84~5,9,84
0,1,96~0,1,96
3,6,183~3,6,183
2,6,86~8,6,86
1,0,15~1,0,15
1,6,156~2,6,156
3,9,267~4,9,267
1,3,46~1,5,46
0,1,258~9,1,258
4,9,273~5,9,273
2,5,230~3,5,230
1,0,56~3,0,56
1,9,31~3,9,31
2,4,27~4,4,27
4,0,207~6,0,207
1,8,188~3,8,188
0,7,9~1,7,9
2,6,161~3,6,161
4,1,201~7,1,201
3,2,159~3,3,159
1,3,5~1,9,5
1,8,146~5,8,146
4,9,153~5,9,153
2,3,238~2,5,238
4,0,100~8,0,100
2,6,219~2,6,219
1,4,149~2,4,149
3,3,242~8,3,242
1,0,64~8,0,64
1,8,38~2,8,38
1,2,249~5,2,249
6,3,239~6,5,239
0,6,295~7,6,295
2,4,123~7,4,123
3,7,289~7,7,289
2,2,135~2,2,135
4,4,40~8,4,40
6,4,87~6,7,87
4,4,247~4,5,247
9,4,88~9,8,88
1,7,106~3,7,106
0,3,291~0,9,291
2,5,221~6,5,221
3,1,137~5,1,137
1,9,152~2,9,152
2,7,258~4,7,258
1,6,292~1,6,292
0,7,104~1,7,104
9,4,163~9,7,163
3,4,76~4,4,76
1,6,14~8,6,14
7,0,251~7,1,251
0,4,34~4,4,34
4,9,250~5,9,250
2,6,226~2,6,226
0,5,211~1,5,211
0,4,57~0,7,57
3,6,26~6,6,26
9,3,207~9,6,207
4,7,117~9,7,117
4,7,157~9,7,157
4,3,232~5,3,232
2,9,279~7,9,279
3,4,156~3,6,156
8,2,243~8,2,243
4,1,240~9,1,240
5,1,281~5,4,281
3,5,10~4,5,10
3,4,274~5,4,274
1,1,181~1,6,181
2,7,81~6,7,81
2,3,102~2,3,102
4,9,46~5,9,46
4,3,223~6,3,223
3,4,223~3,8,223
0,0,122~1,0,122
0,7,20~5,7,20
1,0,79~1,2,79
2,3,205~3,3,205
2,9,210~3,9,210
2,2,141~5,2,141
4,3,263~8,3,263
4,6,93~5,6,93
1,7,212~9,7,212
1,5,275~5,5,275
4,6,82~7,6,82
2,4,97~5,4,97
2,6,165~8,6,165
8,2,233~8,3,233
5,3,82~5,5,82
4,1,138~8,1,138
4,2,244~5,2,244
2,3,62~2,7,62
3,4,52~7,4,52
5,3,142~5,5,142
5,3,48~5,8,48
9,3,46~9,7,46
2,0,155~2,8,155
3,7,194~9,7,194
0,0,150~1,0,150
2,6,272~4,6,272
3,5,151~4,5,151
0,6,70~6,6,70
4,8,99~5,8,99
2,1,276~9,1,276
7,0,55~7,2,55
2,6,294~9,6,294
0,9,43~0,9,43
8,4,43~8,7,43
0,6,237~7,6,237
0,0,209~4,0,209
4,7,36~9,7,36
3,4,96~4,4,96
4,7,234~8,7,234
4,2,11~8,2,11
0,6,191~5,6,191
2,0,120~3,0,120
3,0,28~5,0,28
6,4,15~6,5,15
0,8,174~9,8,174
4,3,224~5,3,224
2,1,285~3,1,285
0,3,192~0,8,192
2,2,12~8,2,12
0,2,75~1,2,75
5,4,201~5,4,201
4,7,52~4,7,52
2,9,40~6,9,40
4,3,41~5,3,41
0,9,272~9,9,272
4,0,56~4,0,56
4,3,187~4,6,187
3,8,206~5,8,206
1,1,125~1,4,125
9,0,294~9,0,294
3,1,37~6,1,37
4,0,200~5,0,200
2,9,174~8,9,174
7,3,256~7,8,256
1,3,172~1,3,172
9,3,239~9,9,239
4,4,155~4,4,155
0,6,262~1,6,262
0,4,247~1,4,247
0,1,143~5,1,143
1,5,293~6,5,293
2,1,172~8,1,172
0,7,123~8,7,123
3,9,144~8,9,144
1,2,275~2,2,275
1,4,6~3,4,6
2,1,253~8,1,253
2,0,82~8,0,82
0,6,73~0,6,73
4,4,85~7,4,85
7,1,192~7,3,192
2,3,112~2,6,112
1,1,203~1,3,203
2,2,279~2,2,279
2,0,97~8,0,97
3,3,141~3,3,141
7,1,153~7,1,153
0,2,134~4,2,134
4,0,221~6,0,221
6,2,129~6,2,129
3,8,258~7,8,258
8,4,201~8,9,201
4,1,94~4,1,94
3,1,140~8,1,140
4,8,183~9,8,183
3,0,25~5,0,25
5,4,135~5,9,135
3,8,232~6,8,232
3,4,163~5,4,163
1,9,58~8,9,58
4,1,225~6,1,225
1,8,35~2,8,35
9,4,274~9,6,274
1,8,268~7,8,268
2,1,203~2,7,203
1,9,13~9,9,13
2,3,135~2,3,135
4,0,291~5,0,291
6,0,142~6,0,142
0,5,42~2,5,42
8,0,80~8,3,80
4,5,140~4,5,140
0,0,127~6,0,127
4,2,160~6,2,160
1,3,119~1,3,119
6,4,273~6,5,273
3,3,166~3,3,166
3,0,217~7,0,217
0,9,264~6,9,264
1,5,105~3,5,105
4,0,79~4,0,79
2,9,252~5,9,252
1,0,128~1,0,128
3,1,141~4,1,141
3,4,153~3,4,153
3,4,90~7,4,90
3,2,291~3,5,291
1,8,208~1,8,208
3,9,17~3,9,17
3,7,31~8,7,31
2,1,165~2,5,165
4,3,177~9,3,177
2,1,124~3,1,124
1,7,45~4,7,45
0,4,35~0,4,35
4,0,108~8,0,108
6,0,192~6,2,192
2,6,145~9,6,145
1,1,221~7,1,221
0,6,47~6,6,47
4,4,222~4,4,222
3,0,215~7,0,215
0,1,150~3,1,150
4,7,78~6,7,78
0,3,183~0,5,183
4,4,266~9,4,266
5,1,247~5,3,247
4,0,55~5,0,55
9,2,81~9,8,81
4,9,37~8,9,37
0,8,128~4,8,128
0,4,83~3,4,83
0,4,107~0,4,107
2,0,31~8,0,31
1,9,156~9,9,156
8,4,68~8,9,68
3,7,62~5,7,62
6,3,273~6,3,273
7,1,41~7,5,41
1,1,31~1,2,31
2,3,191~2,5,191
1,0,298~3,0,298
0,0,297~0,7,297
0,3,127~0,3,127
2,6,83~2,6,83
4,9,15~9,9,15
1,4,116~7,4,116
2,5,78~5,5,78
9,0,159~9,2,159
2,5,106~3,5,106
6,4,93~6,8,93
0,1,275~0,6,275
1,1,93~8,1,93
3,0,246~8,0,246
2,0,122~2,4,122
1,0,61~2,0,61
3,1,47~5,1,47
0,7,180~7,7,180
4,1,226~5,1,226
4,9,291~6,9,291
7,3,20~7,3,20
8,0,153~8,7,153
9,2,237~9,6,237
1,8,40~6,8,40
0,7,59~0,7,59
0,1,188~7,1,188
3,9,229~6,9,229
3,8,35~3,8,35
7,4,20~7,8,20
4,7,201~6,7,201
4,6,134~5,6,134
4,7,168~4,7,168
2,3,214~2,3,214
0,3,266~6,3,266
1,4,67~7,4,67
0,8,37~1,8,37
4,0,9~8,0,9
3,1,125~8,1,125
3,8,157~3,8,157
1,0,269~8,0,269
2,1,239~4,1,239
4,1,160~8,1,160
1,7,206~1,7,206
1,1,17~5,1,17
3,5,297~8,5,297
6,1,199~6,8,199
0,8,257~3,8,257
1,9,146~4,9,146
3,7,281~8,7,281
5,4,245~5,9,245
3,1,283~6,1,283
1,4,63~1,9,63
2,2,94~2,2,94
3,0,109~9,0,109
3,3,194~8,3,194
5,1,78~5,2,78
4,8,239~8,8,239
