0,8,87~5,8,87
1,6,244~9,6,244
0,4,1~8,4,1
3,0,237~5,0,237
4,4,280~4,5,280
8,5,230~8,5,278
2,3,157~2,9,157
5,0,180~5,4,180
4,8,75~4,8,75
5,3,11~5,9,11
1,2,11~1,2,11
1,4,266~5,4,266
4,7,139~9,7,139
0,6,200~0,6,239
4,0,107~5,0,107
0,0,162~3,0,162
1,9,8~1,9,8
3,6,123~3,6,127
8,4,18~8,5,18
3,2,145~3,2,145
0,1,50~0,1,50
3,3,112~4,3,112
0,6,184~1,6,184
3,4,232~3,6,232
4,7,78~6,7,78
6,4,3~6,5,3
3,3,214~3,3,214
7,4,238~7,5,238
8,0,105~8,5,105
2,1,123~8,1,123
3,4,275~6,4,275
7,0,290~7,0,290
3,6,9~5,6,9
4,6,108~5,6,108
3,1,189~3,9,189
3,8,243~5,8,243
4,9,171~7,9,171
4,9,25~6,9,25
1,1,48~4,1,48
0,4,252~4,4,252
0,1,60~7,1,60
1,4,135~1,8,135
4,2,249~4,4,249
4,4,78~4,4,105
4,6,10~4,6,10
3,4,212~6,4,212
0,4,215~0,4,215
3,0,66~5,0,66
0,2,273~0,6,273
1,8,266~6,8,266
7,3,110~7,9,110
4,7,177~8,7,177
3,2,68~4,2,68
0,8,229~0,8,229
3,8,137~6,8,137
4,1,111~6,1,111
2,3,176~7,3,176
0,9,229~5,9,229
2,1,78~2,3,78
2,8,4~7,8,4
4,7,298~7,7,298
7,8,222~7,8,239
6,1,173~6,3,173
0,1,127~0,1,127
4,1,258~5,1,258
3,9,112~8,9,112
2,7,296~9,7,296
3,2,254~5,2,254
1,8,46~2,8,46
1,3,232~9,3,232
8,4,45~8,7,45
2,0,35~5,0,35
3,9,6~9,9,6
1,4,116~1,8,116
4,1,94~4,3,94
1,0,239~8,0,239
3,2,267~7,2,267
9,2,283~9,5,283
1,4,94~1,6,94
3,0,26~3,3,26
1,4,251~4,4,251
5,4,55~5,7,55
1,5,40~5,5,40
3,7,266~5,7,266
3,1,176~6,1,176
4,6,119~7,6,119
0,3,112~2,3,112
4,2,268~4,2,268
2,3,142~6,3,142
2,9,167~5,9,167
9,3,196~9,3,196
2,7,122~5,7,122
2,9,66~7,9,66
0,0,143~5,0,143
4,2,107~8,2,107
2,1,31~2,5,31
0,2,90~0,2,90
8,2,13~8,5,13
6,4,135~6,9,135
7,0,259~7,2,259
2,9,175~5,9,175
9,9,17~9,9,188
3,9,113~5,9,113
0,5,107~7,5,107
4,3,62~6,3,62
3,5,93~9,5,93
1,2,286~1,2,286
3,8,54~5,8,54
0,6,248~9,6,248
3,4,14~3,7,14
0,0,242~6,0,242
8,0,160~8,2,160
4,2,224~4,2,224
6,2,23~6,4,23
9,4,269~9,5,269
2,2,34~5,2,34
1,4,253~1,4,253
4,6,121~7,6,121
4,9,259~4,9,259
0,1,93~6,1,93
0,7,270~3,7,270
0,5,270~3,5,270
2,6,172~6,6,172
0,1,9~0,6,9
4,3,7~4,6,7
2,7,49~2,7,49
1,4,32~2,4,32
3,9,283~4,9,283
0,2,106~1,2,106
0,3,58~0,3,58
4,1,90~8,1,90
3,7,245~4,7,245
4,3,187~4,9,187
0,5,222~9,5,222
2,2,208~2,2,237
2,3,37~3,3,37
7,4,159~7,8,159
5,2,110~5,3,110
7,1,130~7,9,130
0,4,63~0,4,63
3,3,256~8,3,256
8,2,259~8,2,271
6,3,130~6,3,130
0,8,273~3,8,273
9,3,154~9,7,154
9,0,172~9,8,172
3,0,255~3,8,255
1,1,204~2,1,204
6,3,106~6,5,106
7,4,77~7,7,77
4,2,160~6,2,160
1,4,281~6,4,281
7,4,203~7,6,203
3,2,238~3,6,238
1,8,27~5,8,27
2,0,147~5,0,147
0,8,142~6,8,142
3,7,271~5,7,271
4,8,13~9,8,13
3,3,291~5,3,291
3,4,112~3,7,112
0,3,283~6,3,283
1,4,223~1,8,223
4,1,168~7,1,168
4,7,148~5,7,148
1,3,34~2,3,34
4,2,192~5,2,192
8,2,44~8,6,44
2,2,159~2,9,159
4,7,108~8,7,108
2,7,283~2,7,291
3,2,292~3,2,292
2,4,172~2,4,172
4,2,30~5,2,30
1,1,8~5,1,8
4,4,131~8,4,131
2,9,251~8,9,251
1,0,184~8,0,184
6,0,283~6,2,283
3,2,77~6,2,77
4,0,248~5,0,248
1,5,111~3,5,111
1,3,161~4,3,161
7,3,68~7,9,68
2,7,114~9,7,114
0,9,49~6,9,49
3,0,58~8,0,58
2,9,109~6,9,109
6,0,102~6,0,102
3,8,50~6,8,50
6,2,245~6,7,245
7,4,210~7,4,210
3,9,10~3,9,10
2,4,76~2,5,76
1,4,26~2,4,26
1,6,8~9,6,8
2,8,36~9,8,36
8,3,162~8,3,162
0,2,130~0,2,130
3,8,284~9,8,284
1,0,46~8,0,46
8,3,283~8,8,283
3,5,294~6,5,294
1,3,210~1,8,210
8,3,19~8,6,19
2,3,79~2,4,79
0,9,29~0,9,29
0,0,123~1,0,123
4,2,212~4,3,212
0,1,257~4,1,257
4,5,16~9,5,16
0,0,52~4,0,52
3,8,52~5,8,52
4,3,150~4,7,150
9,1,99~9,1,99
3,1,12~3,7,12
2,2,270~4,2,270
1,4,145~1,4,145
4,6,296~5,6,296
3,9,164~6,9,164
3,1,66~7,1,66
1,0,19~1,5,19
4,8,31~9,8,31
4,3,23~4,8,23
3,3,106~4,3,106
3,5,268~7,5,268
2,2,260~3,2,260
0,9,64~8,9,64
0,9,137~3,9,137
4,4,120~5,4,120
9,0,140~9,2,140
2,0,118~2,0,118
0,2,144~0,4,144
1,9,82~6,9,82
3,7,126~8,7,126
2,0,277~2,3,277
4,1,10~6,1,10
1,0,263~1,2,263
1,4,176~1,5,176
4,6,1~5,6,1
8,0,1~8,2,1
0,2,171~7,2,171
1,8,292~8,8,292
3,5,139~7,5,139
3,8,48~7,8,48
7,3,276~7,4,276
0,1,51~8,1,51
2,4,286~4,4,286
3,1,242~5,1,242
3,3,92~5,3,92
2,8,11~2,8,11
3,4,161~4,4,161
0,9,124~4,9,124
3,1,92~6,1,92
2,6,204~8,6,204
3,7,176~5,7,176
4,0,67~4,8,67
0,2,190~0,9,190
3,1,6~7,1,6
4,2,291~8,2,291
0,0,210~7,0,210
7,0,144~7,8,144
1,5,44~2,5,44
4,5,42~8,5,42
4,3,273~4,3,273
4,5,156~7,5,156
2,2,243~7,2,243
2,3,296~2,5,296
0,5,78~2,5,78
3,8,51~5,8,51
4,8,167~9,8,167
1,1,11~2,1,11
1,4,206~8,4,206
1,8,224~4,8,224
0,8,170~8,8,170
0,4,132~0,4,132
9,1,250~9,4,250
6,3,287~6,5,287
4,1,178~4,1,178
6,1,33~6,1,33
0,3,152~9,3,152
0,1,219~3,1,219
4,0,12~9,0,12
9,1,110~9,2,110
2,8,265~7,8,265
3,3,131~5,3,131
1,5,50~4,5,50
1,1,197~1,6,197
3,3,39~3,6,39
3,8,124~3,8,124
4,4,181~9,4,181
1,0,142~6,0,142
3,2,293~8,2,293
0,8,281~7,8,281
3,7,279~5,7,279
1,4,202~1,8,202
0,2,57~0,2,57
4,3,118~6,3,118
0,2,65~0,2,65
3,3,72~3,9,72
4,4,138~4,4,138
3,2,140~3,7,140
1,5,192~6,5,192
8,0,106~8,7,106
0,6,45~4,6,45
2,1,99~2,3,99
2,4,132~3,4,132
9,3,235~9,4,235
0,1,80~0,2,80
3,3,275~9,3,275
5,0,44~5,9,44
1,4,148~4,4,148
0,1,114~0,1,114
1,7,255~2,7,255
5,0,100~5,9,100
3,3,65~3,5,65
4,9,69~5,9,69
7,0,283~7,1,283
4,3,151~7,3,151
3,3,126~3,3,126
3,0,37~6,0,37
3,1,243~7,1,243
1,6,15~1,6,15
9,3,16~9,4,16
2,9,226~7,9,226
2,0,265~2,6,265
1,2,214~1,9,214
6,1,246~6,3,246
1,8,249~8,8,249
4,3,279~4,6,279
3,8,180~8,8,180
2,7,223~8,7,223
1,5,10~9,5,10
0,9,87~7,9,87
2,1,186~3,1,186
4,2,157~4,9,157
2,1,116~2,3,116
2,8,57~8,8,57
1,6,93~4,6,93
6,2,189~6,7,189
2,4,50~7,4,50
4,9,189~4,9,189
1,4,38~1,4,38
1,1,171~8,1,171
3,3,250~3,3,250
2,7,74~7,7,74
0,9,265~0,9,265
4,5,288~6,5,288
9,1,298~9,6,298
4,2,163~7,2,163
0,1,110~6,1,110
9,3,86~9,8,86
4,2,229~4,2,229
1,5,114~8,5,114
3,8,191~3,8,191
1,2,68~2,2,68
4,1,128~6,1,128
1,3,37~1,9,37
5,2,3~5,7,3
2,1,14~2,1,14
5,3,205~5,9,205
9,4,240~9,8,240
4,5,148~9,5,148
0,0,254~1,0,254
1,3,2~4,3,2
1,8,131~8,8,131
4,5,273~5,5,273
7,6,206~7,6,206
0,5,267~5,5,267
2,3,219~5,3,219
9,4,292~9,8,292
1,0,98~1,6,98
0,4,117~8,4,117
4,7,141~9,7,141
1,3,101~1,4,101
1,1,195~1,2,195
5,2,202~5,6,202
0,2,244~1,2,244
4,4,28~8,4,28
6,4,225~6,8,225
0,5,123~2,5,123
2,4,274~9,4,274
0,4,231~3,4,231
3,1,115~3,7,115
4,7,181~7,7,181
4,7,225~5,7,225
0,9,294~8,9,294
0,1,121~0,1,121
2,1,278~8,1,278
3,4,124~7,4,124
1,5,137~7,5,137
8,2,167~8,7,167
8,3,37~8,6,37
3,0,250~9,0,250
3,1,269~5,1,269
2,4,269~2,9,269
0,8,77~8,8,77
6,2,143~6,7,143
3,8,176~3,8,176
1,3,204~1,3,204
1,9,279~8,9,279
2,5,166~9,5,166
3,8,149~7,8,149
1,8,282~5,8,282
2,0,69~4,0,69
1,9,205~4,9,205
8,0,157~8,1,157
3,8,3~8,8,3
1,5,289~4,5,289
1,7,293~5,7,293
1,7,231~4,7,231
1,7,142~6,7,142
1,6,80~4,6,80
4,6,14~7,6,14
8,4,52~8,8,52
0,0,240~1,0,240
0,8,54~0,8,54
1,3,83~2,3,83
3,4,236~4,4,236
4,1,273~4,1,273
4,8,38~5,8,38
3,8,263~8,8,263
7,0,284~7,1,284
1,1,22~5,1,22
1,1,154~1,1,154
6,4,269~6,4,272
2,9,2~8,9,2
0,2,213~0,2,213
7,0,212~7,0,212
3,5,225~3,5,225
3,8,203~5,8,203
0,1,288~7,1,288
0,9,65~4,9,65
9,3,84~9,4,84
4,2,175~5,2,175
2,1,177~2,1,177
5,2,20~5,8,20
1,5,48~9,5,48
4,4,36~7,4,36
4,1,265~4,5,265
6,3,110~6,4,110
6,0,100~6,6,100
0,3,14~5,3,14
1,8,49~2,8,49
0,3,120~9,3,120
7,0,295~7,5,295
3,6,171~4,6,171
7,3,254~7,5,254
3,5,229~4,5,229
1,9,242~4,9,242
1,8,272~5,8,272
4,5,61~6,5,61
4,2,93~7,2,93
1,1,254~1,5,254
1,7,190~4,7,190
1,1,264~3,1,264
3,7,149~9,7,149
1,6,34~9,6,34
4,0,251~7,0,251
1,4,10~3,4,10
4,9,200~9,9,200
1,8,12~8,8,12
4,4,219~5,4,219
1,0,61~7,0,61
1,0,15~1,0,15
0,0,104~3,0,104
2,6,104~3,6,104
8,2,198~8,8,198
5,1,134~5,9,134
3,3,50~5,3,50
4,7,221~4,7,221
2,0,81~3,0,81
1,3,170~8,3,170
2,2,123~9,2,123
7,1,160~7,9,160
3,3,162~5,3,162
3,0,165~3,5,165
1,6,254~6,6,254
0,6,291~4,6,291
0,9,70~6,9,70
9,2,54~9,3,54
2,2,17~4,2,17
6,0,297~6,3,297
0,7,55~2,7,55
1,6,271~3,6,271
8,8,89~8,8,99
5,3,108~5,4,108
9,0,269~9,1,269
2,3,205~2,7,205
0,3,24~0,6,24
1,6,75~6,6,75
2,1,125~8,1,125
9,4,273~9,5,273
2,5,118~2,5,118
0,2,239~2,2,239
9,3,70~9,8,70
5,4,53~5,9,53
3,0,168~3,1,168
2,4,175~6,4,175
0,5,272~4,5,272
4,6,272~6,6,272
3,3,29~3,7,29
1,2,87~8,2,87
9,4,239~9,5,239
4,4,213~4,9,213
5,3,78~5,5,78
2,2,114~8,2,114
3,8,250~3,8,250
1,7,98~8,7,98
1,6,183~6,6,183
4,0,133~9,0,133
3,3,40~9,3,40
4,3,196~4,6,196
2,4,198~2,4,198
1,5,148~2,5,148
4,0,215~4,9,215
9,3,32~9,5,32
0,5,221~9,5,221
2,1,56~8,1,56
1,4,33~2,4,33
2,6,77~6,6,77
4,9,83~5,9,83
0,1,21~0,5,21
3,4,297~5,4,297
0,3,139~8,3,139
8,0,49~8,2,49
2,8,140~2,8,140
4,3,52~4,3,52
6,1,247~6,6,247
6,2,150~6,9,150
0,2,153~8,2,153
1,0,89~6,0,89
9,0,176~9,0,176
0,9,62~3,9,62
0,7,54~2,7,54
1,1,1~5,1,1
4,6,98~8,6,98
8,3,132~8,5,132
3,9,116~7,9,116
0,9,59~7,9,59
4,5,12~4,5,12
4,5,94~8,5,94
8,2,237~8,2,245
0,3,5~7,3,5
0,0,200~3,0,200
3,8,244~8,8,244
9,4,211~9,4,230
1,3,260~2,3,260
2,8,296~4,8,296
1,2,218~1,7,218
1,0,24~4,0,24
0,9,135~0,9,135
1,0,141~6,0,141
3,4,76~3,4,76
7,4,39~7,4,39
2,2,191~2,2,191
4,0,275~7,0,275
9,7,244~9,7,244
4,7,137~9,7,137
3,4,207~9,4,207
7,3,163~7,7,163
2,0,32~7,0,32
1,3,31~1,3,31
4,1,127~4,2,127
4,3,281~9,3,281
3,9,181~4,9,181
1,1,141~1,6,141
4,6,278~7,6,278
0,4,74~0,8,74
3,4,280~3,4,280
4,1,255~4,3,255
0,3,121~7,3,121
3,1,282~3,2,282
5,3,22~5,6,22
9,1,24~9,5,24
0,0,159~0,4,159
4,5,211~4,5,211
0,2,58~2,2,58
7,1,135~7,3,135
1,4,106~1,8,106
4,3,268~9,3,268
3,3,97~3,7,97
0,9,169~1,9,169
4,4,294~5,4,294
7,3,231~7,4,231
2,6,169~5,6,169
0,0,187~1,0,187
0,6,160~0,6,160
2,5,190~4,5,190
5,4,138~5,6,138
3,5,258~7,5,258
8,3,225~8,3,225
3,1,13~3,8,13
2,6,167~3,6,167
6,4,235~6,4,235
4,3,80~6,3,80
2,2,127~2,8,127
3,5,141~6,5,141
5,1,127~5,6,127
4,0,65~4,2,65
4,3,289~7,3,289
0,2,204~4,2,204
3,6,177~8,6,177
1,2,80~5,2,80
4,7,170~5,7,170
1,2,130~6,2,130
3,7,80~4,7,80
4,3,49~7,3,49
4,5,25~9,5,25
3,2,287~7,2,287
2,5,195~7,5,195
1,1,224~2,1,224
0,9,285~8,9,285
2,3,143~3,3,143
1,2,122~2,2,122
2,1,244~2,1,244
6,2,220~6,9,220
3,5,132~3,5,132
5,2,32~5,9,32
3,4,5~6,4,5
0,4,180~0,4,180
4,1,241~7,1,241
5,2,213~5,2,213
2,0,262~8,0,262
9,0,175~9,1,175
0,1,73~0,3,73
9,1,174~9,4,174
6,2,54~6,6,54
2,3,126~2,4,126
0,8,130~1,8,130
7,0,271~7,2,271
1,3,169~1,4,169
1,6,293~6,6,293
9,2,293~9,4,293
8,0,68~8,0,68
1,4,173~1,4,173
7,3,146~7,9,146
1,2,112~8,2,112
0,0,246~0,9,246
3,7,10~3,7,10
3,3,17~4,3,17
4,9,186~7,9,186
1,0,74~9,0,74
9,1,49~9,3,49
3,9,273~7,9,273
8,1,287~8,2,287
3,9,29~4,9,29
3,4,116~4,4,116
8,4,143~8,7,143
0,2,125~7,2,125
2,5,14~2,5,14
1,9,267~6,9,267
0,0,285~0,0,285
2,1,79~2,2,79
3,0,123~3,0,123
0,1,47~0,3,47
9,4,85~9,6,85
0,5,174~9,5,174
0,5,275~7,5,275
4,0,5~6,0,5
2,9,85~7,9,85
3,2,36~4,2,36
2,0,64~7,0,64
0,2,50~9,2,50
1,5,43~9,5,43
3,1,47~3,1,47
3,8,79~6,8,79
3,1,211~6,1,211
8,4,41~8,4,41
2,0,3~2,8,3
4,2,214~9,2,214
0,4,244~7,4,244
4,1,113~4,2,113
3,4,277~3,8,277
0,9,184~4,9,184
0,1,286~5,1,286
4,7,79~9,7,79
0,4,259~0,4,259
4,6,139~4,6,139
1,1,258~3,1,258
3,4,217~3,4,217
0,2,256~0,5,256
0,3,264~3,3,264
0,4,154~0,9,154
6,2,71~6,7,71
0,4,162~1,4,162
4,2,252~8,2,252
4,0,221~7,0,221
0,4,70~6,4,70
0,6,192~5,6,192
1,5,9~4,5,9
3,2,248~7,2,248
1,0,216~2,0,216
5,1,260~5,5,260
0,1,226~0,1,226
0,7,292~7,7,292
0,8,2~7,8,2
3,6,212~8,6,212
1,4,64~4,4,64
0,8,119~2,8,119
6,1,1~6,2,1
6,1,64~6,2,64
4,7,202~8,7,202
3,6,268~8,6,268
0,5,149~5,5,149
2,2,148~4,2,148
7,2,57~7,5,57
6,1,140~6,6,140
1,1,44~1,4,44
1,4,167~6,4,167
2,4,180~2,5,180
1,7,185~6,7,185
1,3,261~4,3,261
3,8,81~6,8,81
0,5,113~3,5,113
3,3,88~6,3,88
3,3,83~3,4,83
3,6,24~5,6,24
9,6,219~9,6,226
2,2,103~2,5,103
2,7,222~6,7,222
2,8,209~5,8,209
6,4,197~6,7,197
8,1,133~8,4,133
0,4,107~1,4,107
2,5,162~9,5,162
4,2,72~8,2,72
9,2,217~9,3,217
4,4,66~4,4,66
6,1,146~6,8,146
2,3,45~2,4,45
4,4,35~7,4,35
9,0,194~9,6,194
3,6,175~7,6,175
4,2,279~4,2,279
2,2,151~3,2,151
2,6,240~2,6,240
0,4,35~0,5,35
1,1,243~1,1,243
0,1,136~0,7,136
0,9,209~0,9,209
4,3,102~7,3,102
2,4,88~2,8,88
2,7,264~3,7,264
2,0,18~9,0,18
3,3,24~7,3,24
4,0,183~6,0,183
4,7,57~7,7,57
2,0,122~2,0,122
4,1,213~7,1,213
6,3,30~6,4,30
2,7,200~5,7,200
4,5,152~7,5,152
6,3,178~6,9,178
4,1,81~5,1,81
2,1,76~8,1,76
0,7,121~0,7,121
2,5,173~5,5,173
5,1,225~5,3,225
0,3,89~0,8,89
0,5,59~1,5,59
7,0,138~7,8,138
1,1,214~8,1,214
2,0,54~2,5,54
8,2,4~8,7,4
3,0,233~6,0,233
4,0,30~4,0,30
0,9,250~9,9,250
1,4,297~2,4,297
8,1,23~8,4,23
4,4,39~6,4,39
4,0,249~4,0,249
4,0,79~8,0,79
2,1,203~5,1,203
2,0,10~7,0,10
7,0,29~7,2,29
1,1,184~6,1,184
1,4,129~6,4,129
1,7,171~7,7,171
0,9,35~1,9,35
1,0,30~1,0,30
0,4,41~2,4,41
2,4,255~2,4,255
2,6,184~3,6,184
2,4,121~8,4,121
1,3,103~1,4,103
1,6,84~9,6,84
3,5,213~3,5,213
0,9,164~0,9,164
4,6,246~9,6,246
4,6,234~9,6,234
2,7,184~5,7,184
7,0,179~7,6,179
3,6,227~4,6,227
1,3,63~1,9,63
1,8,161~8,8,161
3,7,42~9,7,42
1,1,35~6,1,35
8,0,144~8,4,144
3,7,138~6,7,138
3,4,16~4,4,16
0,7,277~2,7,277
4,3,231~4,3,231
1,2,121~4,2,121
0,4,104~1,4,104
6,2,115~6,3,115
1,0,68~3,0,68
3,1,268~3,1,268
2,8,290~7,8,290
1,4,188~3,4,188
3,7,260~3,7,260
4,4,60~9,4,60
2,1,135~3,1,135
4,8,86~4,8,86
2,7,256~9,7,256
3,0,235~8,0,235
2,7,211~3,7,211
0,3,68~2,3,68
1,7,196~2,7,196
4,7,33~6,7,33
3,0,176~3,0,176
1,8,104~1,8,104
3,2,41~3,5,41
6,3,237~6,7,237
3,3,101~7,3,101
1,0,164~3,0,164
4,2,139~6,2,139
1,8,279~8,8,279
1,8,143~1,8,143
6,0,68~6,8,68
2,5,251~6,5,251
9,3,111~9,7,111
0,7,250~8,7,250
8,2,61~8,5,61
2,9,41~7,9,41
0,0,13~8,0,13
2,8,267~7,8,267
4,0,282~8,0,282
3,1,29~6,1,29
2,8,163~2,8,163
7,0,167~7,7,167
1,4,23~3,4,23
9,1,137~9,6,137
2,0,23~7,0,23
9,4,179~9,6,179
4,6,162~8,6,162
0,7,168~1,7,168
3,7,188~3,7,188
2,3,184~8,3,184
2,8,34~2,8,34
8,0,205~8,4,205
9,0,93~9,4,93
4,3,123~9,3,123
6,4,255~6,6,255
4,4,269~5,4,269
2,9,139~3,9,139
0,1,166~8,1,166
1,8,298~7,8,298
1,3,130~4,3,130
3,7,121~4,7,121
3,2,283~5,2,283
6,2,76~6,2,76
8,4,70~8,4,70
1,9,2~1,9,2
3,8,188~4,8,188
7,3,237~7,4,237
7,0,97~7,8,97
7,4,297~7,7,297
4,0,287~4,0,287
0,3,171~0,5,171
2,6,230~6,6,230
0,7,7~9,7,7
2,1,55~2,6,55
4,7,291~5,7,291
0,0,113~0,3,113
2,5,223~8,5,223
1,1,275~1,1,275
0,3,291~1,3,291
2,0,174~4,0,174
1,2,158~1,8,158
4,6,195~8,6,195
4,7,265~5,7,265
1,3,125~1,7,125
3,8,145~9,8,145
0,2,223~0,5,223
5,2,255~5,5,255
2,2,185~2,3,185
9,3,276~9,8,276
9,1,113~9,8,113
2,7,165~7,7,165
0,8,53~3,8,53
4,9,169~8,9,169
3,4,57~3,4,57
1,5,224~5,5,224
9,3,168~9,7,168
1,1,95~3,1,95
7,0,127~7,7,127
4,0,62~8,0,62
1,8,141~3,8,141
4,5,11~4,5,11
2,0,219~4,0,219
2,7,91~8,7,91
0,7,77~6,7,77
0,3,274~4,3,274
2,5,153~9,5,153
1,9,98~4,9,98
3,2,288~3,2,288
3,0,1~3,0,1
1,9,193~6,9,193
3,9,240~9,9,240
4,7,226~8,7,226
4,7,88~8,7,88
0,1,95~0,4,95
3,4,214~4,4,214
4,4,299~4,8,299
1,2,261~3,2,261
2,2,255~2,3,255
6,0,27~6,7,27
2,5,167~2,5,167
2,9,224~3,9,224
2,3,17~2,7,17
0,0,189~0,0,189
4,1,183~4,4,183
1,9,222~9,9,222
9,0,31~9,7,31
3,1,210~9,1,210
3,3,215~3,5,215
4,0,57~7,0,57
0,4,290~5,4,290
0,1,265~0,3,265
0,8,177~0,8,177
3,3,241~4,3,241
9,1,237~9,4,237
4,4,59~9,4,59
1,3,64~9,3,64
1,6,282~3,6,282
8,1,81~8,6,81
5,1,27~5,3,27
4,1,223~4,1,223
1,0,101~2,0,101
2,6,28~3,6,28
4,0,224~6,0,224
0,3,209~1,3,209
7,1,71~7,1,71
1,7,239~9,7,239
0,9,7~7,9,7
3,0,72~8,0,72
4,9,71~5,9,71
1,0,137~7,0,137
0,9,198~0,9,198
1,9,172~2,9,172
5,1,198~5,4,198
4,7,234~9,7,234
3,8,241~5,8,241
6,4,90~6,5,90
0,5,38~3,5,38
9,3,129~9,4,129
6,0,232~6,2,232
2,8,166~5,8,166
0,3,48~0,3,48
3,1,298~5,1,298
0,4,13~0,4,13
1,4,138~3,4,138
2,8,297~4,8,297
1,3,228~3,3,228
1,2,119~3,2,119
2,3,25~7,3,25
2,9,210~2,9,219
0,3,16~2,3,16
3,2,198~4,2,198
1,9,181~1,9,181
3,9,86~7,9,86
1,3,194~3,3,194
4,0,45~4,5,45
3,9,61~6,9,61
7,1,38~7,6,38
1,1,234~1,5,234
4,2,118~9,2,118
3,3,89~7,3,89
4,3,208~4,5,208
9,0,65~9,4,65
2,3,72~2,8,72
1,3,70~1,3,70
9,4,286~9,9,286
6,2,202~6,4,202
9,1,215~9,1,215
9,0,297~9,8,297
2,2,56~7,2,56
2,3,81~4,3,81
1,4,198~1,4,198
2,9,33~3,9,33
4,1,159~4,2,159
8,1,59~8,1,59
0,0,238~0,0,238
4,2,15~7,2,15
5,4,203~5,6,203
8,4,150~8,9,150
3,7,249~3,7,249
2,6,101~5,6,101
1,4,289~6,4,289
2,0,111~6,0,111
3,6,6~4,6,6
8,3,62~8,6,62
4,1,32~7,1,32
4,7,36~7,7,36
1,4,227~1,6,227
2,4,152~2,9,152
3,2,290~3,3,290
3,4,205~3,6,205
2,4,177~4,4,177
2,0,185~8,0,185
4,0,150~7,0,150
4,0,263~8,0,263
1,3,90~8,3,90
3,4,52~6,4,52
3,4,263~6,4,263
3,7,159~4,7,159
3,4,74~9,4,74
3,9,15~5,9,15
5,1,47~5,6,47
3,9,263~7,9,263
4,8,123~9,8,123
5,1,296~5,1,296
8,2,176~8,7,176
5,4,69~5,4,69
2,9,37~5,9,37
3,3,174~3,4,174
2,2,188~4,2,188
1,8,275~8,8,275
0,6,31~3,6,31
0,4,156~1,4,156
3,6,133~3,6,133
6,3,53~6,6,53
3,3,217~4,3,217
4,0,55~8,0,55
4,4,239~6,4,239
7,2,62~7,7,62
1,7,253~8,7,253
1,6,128~1,6,128
4,8,251~9,8,251
4,2,10~6,2,10
1,5,274~2,5,274
2,9,45~6,9,45
1,0,195~8,0,195
7,4,128~7,8,128
2,3,208~2,3,208
2,9,111~4,9,111
9,2,62~9,7,62
4,4,42~4,4,42
3,8,40~9,8,40
3,7,92~5,7,92
3,1,16~4,1,16
9,3,206~9,7,206
2,1,263~2,1,263
3,1,240~3,5,240
6,1,196~6,9,196
0,3,168~2,3,168
3,4,155~3,8,155
4,0,135~5,0,135
4,8,269~5,8,269
0,0,155~9,0,155
9,4,131~9,8,131
4,1,196~5,1,196
2,1,285~2,3,285
1,0,172~3,0,172
1,5,130~1,5,130
6,0,158~6,5,158
1,5,226~2,5,226
2,6,206~6,6,206
1,9,22~7,9,22
0,1,160~6,1,160
9,0,114~9,0,114
4,2,185~8,2,185
9,2,245~9,9,245
1,1,119~8,1,119
4,2,147~8,2,147
2,7,111~4,7,111
1,8,194~1,8,194
4,8,155~6,8,155
3,7,45~4,7,45
1,4,4~2,4,4
1,3,72~1,3,72
1,4,284~6,4,284
3,7,95~8,7,95
9,4,22~9,7,22
2,8,219~9,8,219
1,4,48~3,4,48
2,1,259~2,2,259
4,2,44~4,5,44
8,2,194~8,3,194
3,9,180~7,9,180
0,8,162~0,8,162
2,2,137~4,2,137
0,0,108~3,0,108
1,8,29~1,8,29
8,4,86~8,4,86
3,8,70~3,8,70
3,1,216~3,8,216
1,2,213~1,2,213
2,9,268~9,9,268
8,0,108~8,4,108
1,4,130~5,4,130
0,8,115~9,8,115
0,0,46~0,4,46
7,4,255~7,9,255
4,9,75~7,9,75
4,6,231~8,6,231
4,8,289~4,8,289
3,4,228~3,9,228
2,8,19~7,8,19
0,6,252~4,6,252
0,4,93~0,4,93
8,4,119~8,8,119
8,2,191~8,4,191
0,8,133~8,8,133
3,3,91~3,3,91
3,3,146~3,6,146
3,0,197~3,0,197
0,4,272~0,4,272
4,0,16~9,0,16
1,7,197~1,7,197
8,1,298~8,5,298
0,7,83~4,7,83
7,0,218~7,7,218
1,3,20~2,3,20
0,4,257~2,4,257
0,6,257~3,6,257
9,1,115~9,5,115
4,5,20~4,5,20
1,4,258~1,4,258
3,2,66~3,7,66
4,2,78~6,2,78
5,1,266~5,1,266
4,8,61~5,8,61
1,6,60~7,6,60
9,1,163~9,1,163
3,8,58~4,8,58
4,9,5~8,9,5
2,4,268~2,8,268
2,1,21~9,1,21
0,3,293~0,3,293
0,6,297~6,6,297
2,2,7~3,2,7
7,1,117~7,3,117
1,0,56~5,0,56
2,3,193~3,3,193
0,8,80~8,8,80
3,7,199~7,7,199
3,3,63~4,3,63
2,1,109~2,5,109
2,8,256~6,8,256
1,6,83~9,6,83
0,1,126~0,8,126
1,0,99~3,0,99
2,1,34~4,1,34
0,2,277~0,2,277
1,1,83~9,1,83
8,3,180~8,5,180
8,4,286~8,4,292
2,1,202~4,1,202
4,1,26~4,3,26
1,2,207~1,8,207
2,1,187~5,1,187
8,3,131~8,3,131
3,7,153~5,7,153
4,6,243~9,6,243
2,7,161~4,7,161
1,4,204~1,8,204
0,7,247~1,7,247
8,4,156~8,4,156
6,2,137~6,2,137
4,1,291~8,1,291
7,4,262~7,9,262
0,8,254~6,8,254
0,4,8~3,4,8
4,2,109~4,2,109
5,0,154~5,8,154
6,1,136~6,7,136
6,4,154~6,9,154
9,2,29~9,7,29
3,9,290~8,9,290
3,9,211~4,9,211
1,2,116~1,2,116
0,9,78~5,9,78
4,4,77~4,5,77
5,0,152~5,1,152
1,0,102~1,5,102
6,2,282~6,2,282
1,0,190~6,0,190
6,1,34~6,3,34
0,7,225~0,7,225
1,0,267~1,1,267
2,6,122~2,6,122
2,6,246~3,6,246
1,9,264~3,9,264
4,9,225~9,9,225
2,0,252~7,0,252
3,8,168~7,8,168
2,8,204~2,8,204
1,0,22~1,0,22
0,5,3~0,5,3
0,4,119~6,4,119
1,4,271~2,4,271
7,4,99~7,8,99
7,0,19~7,1,19
8,0,141~8,5,141
0,6,30~6,6,30
8,2,168~8,3,168
3,2,263~5,2,263
1,2,264~2,2,264
1,4,67~1,8,67
1,2,165~1,9,165
4,0,278~6,0,278
4,6,238~6,6,238
5,0,294~5,2,294
8,1,116~8,6,116
3,0,6~4,0,6
4,5,242~6,5,242
7,4,56~7,4,56
2,9,254~5,9,254
3,5,152~3,5,152
1,3,1~9,3,1
5,4,160~5,6,160
1,9,163~6,9,163
8,1,27~8,4,27
3,9,172~4,9,172
1,5,75~2,5,75
1,2,40~2,2,40
1,6,85~7,6,85
3,6,170~3,6,170
0,0,256~0,0,256
1,1,259~1,9,259
1,5,144~3,5,144
9,1,274~9,1,279
1,6,249~6,6,249
8,3,136~8,4,136
2,8,102~7,8,102
5,2,76~5,7,76
1,9,194~3,9,194
3,1,84~7,1,84
4,0,254~7,0,254
3,7,295~8,7,295
1,8,184~6,8,184
2,7,41~8,7,41
2,7,144~4,7,144
6,4,116~6,4,116
5,2,95~5,6,95
2,0,291~8,0,291
0,4,68~0,6,68
2,1,249~2,1,249
0,4,198~0,7,198
2,0,38~8,0,38
3,9,91~8,9,91
4,8,276~7,8,276
4,2,205~4,6,205
0,9,90~0,9,90
4,4,31~4,6,31
2,9,47~3,9,47
3,4,221~8,4,221
4,7,237~5,7,237
4,0,220~4,4,220
4,0,296~9,0,296
2,1,72~8,1,72
3,9,174~4,9,174
