2,1,117~3,1,117
4,0,229~8,0,229
3,2,143~5,2,143
9,3,75~9,6,75
1,6,122~5,6,122
1,1,39~1,1,287
4,1,211~6,1,211
4,5,268~4,5,268
0,6,132~9,6,132
3,6,31~8,6,31
0,9,227~2,9,227
4,2,253~5,2,253
1,5,88~5,5,88
1,4,227~7,4,227
0,3,175~0,3,175
0,3,169~0,5,169
1,2,122~2,2,122
3,2,70~5,2,70
8,3,88~8,3,88
3,0,284~3,0,284
0,1,264~0,5,264
8,3,163~8,5,163
1,0,187~1,0,187
1,6,257~8,6,257
2,8,114~2,8,252
4,8,197~6,8,197
4,5,294~8,5,294
2,3,122~5,3,122
7,1,235~7,8,235
3,2,100~4,2,100
1,6,64~4,6,64
3,1,102~4,1,102
3,8,69~3,8,69
3,9,147~9,9,147
1,7,166~9,7,166
4,0,117~4,6,117
3,4,285~6,4,285
8,2,47~8,7,47
5,3,58~5,9,58
4,3,126~4,9,126
4,4,93~4,4,93
3,2,238~3,2,264
9,4,272~9,4,272
7,2,289~7,9,289
1,7,136~8,7,136
2,2,230~5,2,230
3,4,212~7,4,212
1,6,166~1,6,166
7,1,89~7,6,89
5,2,169~5,3,169
2,2,150~2,6,150
0,9,248~6,9,248
7,0,256~7,4,256
7,0,292~7,8,292
3,8,21~5,8,21
3,3,49~9,3,49
4,3,159~4,3,159
9,0,213~9,0,246
5,4,155~5,8,155
3,0,251~9,0,251
3,1,195~4,1,195
2,2,218~7,2,218
1,1,294~1,1,297
3,6,236~9,6,236
4,2,93~7,2,93
3,6,178~6,6,178
4,0,18~8,0,18
5,4,266~5,4,266
4,5,64~8,5,64
0,3,277~2,3,277
8,3,21~8,9,21
0,6,213~2,6,213
8,4,128~8,6,128
1,2,211~8,2,211
0,4,97~0,5,97
3,1,282~4,1,282
0,3,208~1,3,208
4,1,284~4,8,284
2,5,80~7,5,80
3,4,167~7,4,167
2,5,274~2,5,274
9,4,71~9,8,71
3,8,71~8,8,71
2,5,238~4,5,238
1,0,50~9,0,50
1,9,23~9,9,23
2,3,61~2,3,61
4,1,208~9,1,208
4,4,75~7,4,75
3,6,55~9,6,55
3,6,182~7,6,182
1,9,138~6,9,138
9,1,126~9,8,126
5,1,186~5,2,186
5,4,143~5,6,143
9,3,3~9,9,3
8,3,22~8,8,22
4,2,144~4,2,144
1,3,200~1,9,200
4,0,150~4,5,150
0,3,181~5,3,181
2,3,198~6,3,198
3,9,118~7,9,118
3,3,220~9,3,220
3,2,91~3,8,91
2,8,260~4,8,260
3,4,215~3,7,215
6,1,206~6,5,206
5,1,217~5,2,217
6,3,283~6,6,283
0,0,280~5,0,280
4,8,218~5,8,218
0,3,286~1,3,286
3,0,76~8,0,76
2,4,239~2,4,239
1,5,188~3,5,188
0,9,216~4,9,216
3,4,226~3,7,226
8,1,59~8,2,59
4,5,92~5,5,92
0,3,78~7,3,78
3,2,97~3,9,97
0,4,175~4,4,175
2,7,68~4,7,68
9,3,67~9,4,67
1,3,88~7,3,88
0,2,134~0,5,134
3,6,76~7,6,76
1,3,27~9,3,27
4,0,98~6,0,98
0,2,163~7,2,163
2,5,204~9,5,204
2,4,134~2,6,134
5,1,66~5,1,167
2,1,90~3,1,90
4,1,49~7,1,49
0,9,116~3,9,116
0,0,292~5,0,292
2,4,78~5,4,78
6,0,139~6,7,139
2,9,229~2,9,229
3,0,281~8,0,281
6,4,73~6,9,73
2,4,51~5,4,51
0,6,84~3,6,84
2,2,239~2,3,239
4,1,130~4,4,130
3,3,147~3,3,147
3,9,179~3,9,179
3,6,73~3,6,73
4,2,239~4,6,239
3,2,175~5,2,175
2,4,65~2,5,65
6,3,189~6,9,189
1,5,251~3,5,251
2,5,237~4,5,237
3,6,216~9,6,216
3,6,96~4,6,96
4,8,18~9,8,18
4,4,148~9,4,148
2,6,264~9,6,264
2,7,142~7,7,142
2,1,111~2,5,111
7,4,290~7,9,290
4,7,194~9,7,194
3,2,126~3,3,126
3,3,83~8,3,83
1,2,273~8,2,273
8,1,206~8,3,206
0,3,280~5,3,280
0,6,119~2,6,119
4,2,147~9,2,147
1,6,291~6,6,291
3,6,110~7,6,110
7,2,18~7,4,18
7,4,196~7,9,196
1,2,118~4,2,118
1,6,173~5,6,173
4,0,148~4,2,148
5,2,96~5,7,96
2,0,113~2,0,113
7,3,127~7,6,127
3,0,216~6,0,216
1,6,263~2,6,263
5,8,298~5,8,299
4,0,254~6,0,254
4,3,147~4,8,147
1,0,211~1,0,211
9,2,167~9,5,167
5,2,248~5,4,248
4,6,188~7,6,188
9,3,31~9,7,31
6,1,268~6,4,268
1,2,55~6,2,55
0,9,48~6,9,48
4,4,240~4,6,240
9,1,16~9,5,16
1,8,289~3,8,289
4,0,248~4,4,248
2,8,274~2,8,287
1,7,111~8,7,111
2,5,27~6,5,27
3,5,124~5,5,124
4,4,42~8,4,42
4,0,38~4,2,38
3,3,51~9,3,51
0,7,67~9,7,67
4,7,154~4,7,154
8,2,288~8,3,288
4,1,256~4,1,256
4,8,233~9,8,233
2,6,129~8,6,129
0,1,277~0,1,298
4,9,184~4,9,184
2,5,297~4,5,297
7,3,226~7,5,226
9,1,42~9,8,42
3,5,148~3,5,148
6,0,21~6,3,21
0,9,295~3,9,295
5,3,255~5,9,255
3,3,38~6,3,38
2,3,5~5,3,5
6,4,187~6,8,187
4,0,180~4,4,180
4,2,14~4,8,14
8,1,101~8,4,101
2,2,276~8,2,276
3,4,3~3,9,3
4,5,280~7,5,280
4,4,250~4,4,250
0,9,69~1,9,69
1,0,294~5,0,294
2,7,37~6,7,37
8,3,164~8,6,164
4,4,263~5,4,263
4,9,264~6,9,264
0,4,187~0,7,187
7,0,253~7,7,253
0,7,209~7,7,209
3,8,256~5,8,256
2,2,244~2,2,244
6,0,125~6,7,125
7,1,122~7,6,122
2,6,61~3,6,61
1,4,102~3,4,102
1,0,209~8,0,209
3,9,290~5,9,290
4,1,112~4,5,112
3,8,134~3,8,134
5,2,219~5,8,219
4,2,189~8,2,189
3,4,137~5,4,137
0,4,242~0,7,242
2,4,234~8,4,234
2,0,192~2,0,192
2,9,55~5,9,55
4,0,52~8,0,52
2,3,98~7,3,98
2,0,20~9,0,20
4,5,35~9,5,35
0,0,257~0,3,257
9,1,272~9,2,272
1,2,57~1,2,57
1,4,105~1,8,105
3,8,178~8,8,178
3,1,1~6,1,1
5,3,60~5,3,60
7,4,98~7,6,98
3,4,184~4,4,184
0,6,72~2,6,72
0,7,124~4,7,124
3,3,151~3,5,151
2,9,2~9,9,2
2,4,85~9,4,85
4,2,28~8,2,28
1,3,53~2,3,53
4,5,279~8,5,279
1,3,4~5,3,4
3,6,152~9,6,152
2,2,26~2,4,26
3,0,56~9,0,56
8,1,128~8,1,128
2,1,65~6,1,65
3,3,201~6,3,201
3,2,51~5,2,51
2,1,263~9,1,263
0,0,135~0,4,135
2,3,295~3,3,295
3,4,4~9,4,4
6,1,198~6,1,198
4,8,245~6,8,245
7,0,24~7,2,24
4,2,104~5,2,104
3,3,15~3,7,15
4,1,205~7,1,205
0,8,64~9,8,64
9,3,147~9,4,147
2,6,287~2,6,288
0,2,85~7,2,85
2,2,291~7,2,291
0,2,4~7,2,4
4,6,156~4,6,156
0,4,258~9,4,258
4,2,228~8,2,228
2,2,270~4,2,270
4,3,243~7,3,243
4,8,31~4,8,31
4,4,77~4,4,77
0,5,150~0,5,150
2,0,140~2,0,140
1,4,19~4,4,19
4,0,283~4,1,283
3,3,58~3,3,58
1,0,38~1,6,38
1,9,180~5,9,180
1,5,252~3,5,252
2,6,4~2,6,4
3,4,40~9,4,40
2,2,33~2,5,33
0,2,11~0,2,11
4,4,109~9,4,109
3,4,289~6,4,289
4,3,116~4,5,116
6,1,154~6,3,154
3,2,233~4,2,233
1,1,28~3,1,28
1,2,41~4,2,41
4,8,16~5,8,16
4,0,134~9,0,134
4,8,269~8,8,269
0,2,52~0,6,52
1,0,63~6,0,63
0,3,90~5,3,90
1,7,96~1,7,96
0,4,25~0,5,25
0,4,123~0,7,123
3,2,210~3,8,210
2,4,149~3,4,149
1,8,62~2,8,62
7,4,86~7,6,86
2,6,1~6,6,1
3,9,149~3,9,149
1,2,81~9,2,81
6,4,92~6,6,92
1,0,127~5,0,127
3,7,298~3,7,298
2,3,290~2,3,294
1,6,251~9,6,251
1,2,54~1,9,54
2,6,177~6,6,177
3,2,26~3,7,26
4,3,33~7,3,33
0,4,179~9,4,179
2,3,203~3,3,203
2,7,238~9,7,238
4,6,69~7,6,69
2,5,69~6,5,69
3,0,287~3,8,287
8,2,210~8,3,210
3,1,145~4,1,145
4,2,57~9,2,57
0,3,221~0,3,221
4,4,17~7,4,17
3,6,174~5,6,174
7,3,84~7,4,84
4,9,133~7,9,133
0,6,222~1,6,222
3,1,297~7,1,297
3,6,13~4,6,13
4,3,170~7,3,170
0,3,144~0,7,144
4,1,127~4,5,127
3,4,104~4,4,104
0,4,35~0,4,35
1,6,226~1,6,226
4,6,281~7,6,281
3,0,244~4,0,244
6,3,111~6,3,111
1,0,188~8,0,188
1,8,155~1,8,155
8,2,66~8,8,66
4,3,154~4,3,154
3,7,293~4,7,293
0,3,138~0,7,138
2,1,253~2,6,253
0,7,134~0,7,134
2,4,116~2,4,116
3,2,232~8,2,232
4,3,246~7,3,246
0,9,6~9,9,6
0,9,29~4,9,29
2,7,160~6,7,160
6,4,66~6,5,66
2,3,55~2,6,55
3,6,293~6,6,293
0,2,185~6,2,185
3,6,292~4,6,292
1,2,88~2,2,88
3,9,259~8,9,259
1,2,37~1,8,37
3,2,286~9,2,286
4,7,90~4,7,90
2,1,290~6,1,290
8,1,140~8,6,140
4,5,214~4,5,214
4,8,202~4,8,202
1,6,81~3,6,81
2,9,1~5,9,1
1,0,75~5,0,75
4,9,202~4,9,202
1,3,175~4,3,175
3,3,28~3,7,28
2,0,219~7,0,219
1,4,295~1,4,295
3,8,166~6,8,166
3,6,63~3,6,63
1,2,209~8,2,209
4,8,29~9,8,29
7,2,181~7,2,181
6,2,285~6,3,285
1,4,161~5,4,161
0,7,79~0,7,79
9,4,275~9,4,275
3,2,212~7,2,212
2,0,109~2,4,109
7,3,34~7,5,34
0,5,167~5,5,167
2,8,13~4,8,13
4,2,173~6,2,173
3,5,112~3,5,112
0,1,118~0,3,118
4,4,225~4,6,225
3,2,141~5,2,141
3,1,73~4,1,73
7,3,22~7,6,22
1,7,148~7,7,148
4,3,259~8,3,259
9,9,197~9,9,234
1,9,58~2,9,58
4,6,85~5,6,85
4,6,276~5,6,276
1,0,235~1,0,235
3,3,99~3,3,99
7,4,211~7,5,211
6,2,90~6,9,90
1,2,138~9,2,138
2,2,247~2,3,247
3,3,8~5,3,8
1,6,104~1,6,104
2,2,234~7,2,234
4,2,204~5,2,204
1,5,255~1,5,255
3,8,76~9,8,76
0,3,190~0,3,190
6,4,281~6,4,281
4,9,86~5,9,86
3,7,18~5,7,18
3,9,293~8,9,293
8,4,295~8,7,295
3,5,30~9,5,30
0,1,116~0,7,116
1,3,250~1,7,250
4,6,180~9,6,180
0,5,232~6,5,232
4,1,177~4,1,177
8,1,146~8,5,146
7,3,187~7,8,187
1,8,52~9,8,52
3,2,166~3,3,166
2,1,31~7,1,31
2,2,265~2,5,265
3,9,177~3,9,177
2,2,49~5,2,49
2,1,2~2,8,2
0,6,199~4,6,199
4,6,175~9,6,175
2,8,27~7,8,27
0,2,71~9,2,71
5,1,12~5,2,12
1,9,157~5,9,157
3,9,234~4,9,234
3,6,151~7,6,151
4,3,226~5,3,226
4,6,176~6,6,176
4,5,60~8,5,60
0,4,44~8,4,44
4,2,39~5,2,39
0,4,56~8,4,56
0,0,7~4,0,7
2,6,218~7,6,218
0,7,129~4,7,129
0,3,195~6,3,195
6,3,169~6,6,169
6,2,194~6,4,194
0,5,197~4,5,197
4,4,121~7,4,121
1,8,74~8,8,74
6,2,68~6,8,68
1,3,63~4,3,63
1,5,89~5,5,89
3,6,52~4,6,52
0,1,253~0,5,253
1,2,287~1,6,287
6,3,131~6,5,131
6,4,243~6,9,243
2,0,85~6,0,85
2,0,13~7,0,13
0,1,142~0,9,142
2,0,35~2,6,35
0,8,88~2,8,88
2,5,8~7,5,8
7,1,95~7,4,95
0,2,110~0,4,110
3,4,31~4,4,31
3,6,255~4,6,255
3,8,162~7,8,162
3,6,209~7,6,209
0,1,114~0,1,114
3,5,102~9,5,102
4,8,227~4,8,227
2,0,3~2,2,3
3,1,18~9,1,18
9,4,101~9,4,101
3,0,42~7,0,42
3,5,163~3,5,163
4,0,86~9,0,86
3,9,183~3,9,183
4,0,202~6,0,202
3,7,149~6,7,149
2,4,113~4,4,113
9,3,83~9,5,83
4,9,279~8,9,279
1,0,270~8,0,270
6,2,1~6,5,1
1,4,229~3,4,229
4,0,6~4,0,6
1,6,240~2,6,240
6,1,6~6,8,6
1,1,9~9,1,9
1,4,228~3,4,228
1,3,196~1,8,196
2,0,112~4,0,112
2,9,231~6,9,231
1,7,49~8,7,49
3,6,142~6,6,142
4,3,86~4,5,86
1,6,221~3,6,221
1,5,87~8,5,87
3,9,121~8,9,121
1,0,64~5,0,64
1,4,182~1,7,182
0,5,73~3,5,73
2,4,32~2,5,32
8,4,151~8,7,151
0,4,3~0,9,3
4,0,189~8,0,189
2,4,200~7,4,200
8,1,94~8,9,94
2,9,103~7,9,103
4,9,117~5,9,117
3,4,55~9,4,55
6,3,176~6,5,176
4,0,164~4,8,164
0,7,245~8,7,245
2,7,246~9,7,246
4,0,187~4,0,187
3,4,126~3,8,126
4,8,142~7,8,142
5,4,224~5,5,224
7,1,10~7,4,10
4,8,257~8,8,257
2,9,151~4,9,151
2,0,93~2,5,93
3,4,30~7,4,30
1,9,104~7,9,104
7,1,72~7,6,72
0,1,149~0,7,149
3,8,119~6,8,119
1,0,229~1,0,229
0,0,230~4,0,230
4,8,50~8,8,50
6,1,91~6,1,91
1,4,108~1,6,108
8,0,101~8,0,101
4,4,299~8,4,299
0,0,259~1,0,259
5,0,19~5,2,19
9,1,201~9,4,201
3,6,19~3,6,19
2,1,266~7,1,266
2,1,262~9,1,262
3,2,112~3,2,112
1,9,162~1,9,162
9,2,259~9,3,259
3,5,7~5,5,7
1,5,170~5,5,170
8,3,100~8,3,100
0,7,214~6,7,214
4,3,44~8,3,44
3,5,130~3,5,130
7,1,191~7,1,191
4,0,83~5,0,83
7,4,59~7,9,59
3,7,263~6,7,263
4,4,57~8,4,57
0,2,282~5,2,282
3,0,153~3,0,153
2,5,187~5,5,187
3,2,123~3,2,123
1,7,63~2,7,63
0,3,260~7,3,260
1,9,60~6,9,60
0,0,236~0,9,236
1,9,252~5,9,252
0,3,279~0,7,279
4,6,270~4,6,270
9,3,61~9,8,61
8,2,91~8,8,91
3,1,245~6,1,245
5,4,144~5,9,144
2,7,64~3,7,64
0,3,83~0,7,83
1,0,165~9,0,165
2,9,39~5,9,39
8,3,127~8,3,127
7,0,250~7,6,250
4,1,280~4,2,280
7,1,257~7,3,257
2,0,268~5,0,268
0,7,170~5,7,170
3,8,143~7,8,143
0,7,172~0,7,172
2,1,163~3,1,163
2,3,263~3,3,263
4,2,236~4,2,236
1,4,171~1,5,171
1,4,224~1,4,224
3,3,17~9,3,17
1,7,276~4,7,276
4,2,63~8,2,63
1,8,271~6,8,271
1,5,154~6,5,154
7,4,169~7,7,169
3,0,245~3,0,245
4,4,188~9,4,188
3,5,231~7,5,231
2,3,34~3,3,34
3,4,14~3,6,14
1,5,56~8,5,56
4,5,298~6,5,298
0,1,212~0,7,212
2,4,41~2,6,41
4,2,31~8,2,31
3,4,59~3,8,59
1,6,193~5,6,193
1,8,6~5,8,6
8,2,270~8,9,270
2,3,115~6,3,115
0,0,198~5,0,198
7,2,155~7,8,155
2,8,41~8,8,41
4,7,274~8,7,274
4,0,284~9,0,284
2,3,48~2,3,48
4,1,39~5,1,39
7,3,254~7,9,254
5,4,115~5,9,115
0,0,229~0,5,229
2,4,76~2,8,76
8,4,86~8,6,86
4,0,257~4,0,257
0,9,41~0,9,41
3,2,12~3,8,12
3,9,276~3,9,276
3,3,128~6,3,128
3,0,67~7,0,67
4,3,297~4,4,297
2,2,231~2,2,231
4,9,102~7,9,102
1,3,225~7,3,225
1,4,63~5,4,63
1,0,163~9,0,163
4,1,289~6,1,289
1,2,289~3,2,289
3,0,97~8,0,97
0,3,133~0,4,133
9,7,130~9,7,160
8,2,26~8,6,26
6,4,104~6,6,104
1,4,128~1,7,128
4,5,67~6,5,67
1,3,240~1,3,240
0,9,235~0,9,235
0,7,100~9,7,100
3,1,197~3,4,197
4,3,227~8,3,227
2,4,83~2,9,83
0,3,217~1,3,217
3,0,8~6,0,8
9,4,136~9,4,136
0,2,150~0,2,150
1,3,91~1,7,91
0,2,174~0,3,174
2,6,285~4,6,285
3,7,77~7,7,77
7,0,133~7,0,133
9,2,77~9,9,77
2,4,97~2,7,97
1,6,36~4,6,36
5,2,107~5,3,107
3,2,161~8,2,161
3,3,278~3,3,278
2,9,80~6,9,80
1,0,47~6,0,47
8,3,105~8,9,105
0,2,13~0,8,13
3,8,148~6,8,148
1,3,29~1,5,29
4,8,261~6,8,261
7,1,124~7,9,124
4,2,78~5,2,78
1,4,269~2,4,269
4,9,145~9,9,145
2,3,221~4,3,221
2,1,40~4,1,40
3,2,285~4,2,285
3,3,228~3,3,228
3,1,55~7,1,55
3,5,171~6,5,171
1,8,14~2,8,14
0,5,140~4,5,140
0,4,251~0,4,251
0,6,298~3,6,298
6,0,22~6,3,22
2,0,247~8,0,247
4,2,222~5,2,222
0,5,180~2,5,180
4,7,47~6,7,47
0,2,198~0,2,198
3,1,189~7,1,189
3,4,49~3,4,49
0,8,43~5,8,43
0,3,177~3,3,177
2,0,10~5,0,10
1,2,27~7,2,27
8,8,147~8,8,163
1,2,202~1,5,202
0,4,170~3,4,170
0,7,57~7,7,57
5,2,10~5,4,10
3,1,22~4,1,22
9,4,15~9,4,15
3,8,183~5,8,183
3,4,218~9,4,218
3,1,217~3,1,217
1,4,69~8,4,69
8,1,141~8,5,141
7,2,244~7,2,244
2,0,126~6,0,126
8,4,117~8,5,117
3,7,54~5,7,54
3,1,111~3,1,111
7,0,199~7,1,199
1,3,65~9,3,65
9,2,226~9,6,226
3,6,181~8,6,181
4,8,222~6,8,222
4,7,132~6,7,132
9,4,294~9,5,294
4,9,200~8,9,200
4,3,277~4,3,277
5,4,112~5,5,112
4,4,182~5,4,182
4,8,281~6,8,281
4,9,289~6,9,289
2,0,170~2,0,170
6,1,121~6,3,121
8,4,173~8,4,173
4,9,78~9,9,78
3,9,45~7,9,45
3,9,37~4,9,37
7,0,117~7,5,117
2,2,52~2,6,52
7,3,161~7,6,161
7,4,28~7,5,28
1,9,288~3,9,288
8,3,189~8,4,189
4,0,227~5,0,227
9,0,184~9,2,184
4,1,172~4,6,172
2,0,103~2,2,103
0,9,110~8,9,110
7,0,107~7,2,107
4,4,68~5,4,68
5,6,36~5,6,45
2,9,8~2,9,8
3,5,100~6,5,100
1,6,160~6,6,160
0,3,245~0,3,245
4,7,141~6,7,141
9,2,157~9,5,157
7,1,166~7,5,166
2,7,280~9,7,280
3,9,7~8,9,7
3,0,220~3,0,220
4,4,203~6,4,203
0,3,139~0,4,139
0,6,286~0,6,286
0,4,158~3,4,158
7,1,108~7,8,108
7,1,216~7,2,216
6,3,292~6,4,292
4,5,221~6,5,221
3,8,186~4,8,186
3,0,221~5,0,221
3,8,70~6,8,70
8,1,158~8,5,158
7,3,35~7,3,35
1,6,27~9,6,27
7,1,182~7,2,182
0,6,181~2,6,181
7,3,169~7,3,169
3,4,259~3,4,259
3,4,207~3,6,207
6,3,96~6,8,96
8,2,242~8,2,242
2,7,128~7,7,128
2,7,34~4,7,34
2,6,56~3,6,56
4,1,29~4,3,29
2,4,75~2,7,75
0,5,295~0,5,295
1,4,147~1,9,147
0,2,30~0,2,30
2,2,227~6,2,227
3,7,19~4,7,19
3,8,168~4,8,168
8,0,177~8,6,177
0,0,15~8,0,15
9,5,265~9,5,287
1,5,152~8,5,152
0,6,154~5,6,154
1,2,8~7,2,8
8,1,58~8,2,58
4,5,296~7,5,296
7,4,278~7,6,278
5,8,294~5,8,294
2,3,296~3,3,296
6,2,135~6,2,135
4,2,32~4,5,32
2,2,136~2,2,136
2,5,209~6,5,209
3,2,21~3,2,21
3,1,140~4,1,140
3,4,247~3,9,247
3,3,264~7,3,264
3,9,19~8,9,19
3,4,94~3,7,94
2,9,211~7,9,211
3,4,11~3,7,11
4,0,121~9,0,121
1,7,143~6,7,143
3,2,146~3,8,146
3,3,50~3,9,50
9,4,171~9,4,171
2,2,56~5,2,56
4,5,216~9,5,216
2,9,237~7,9,237
1,1,11~8,1,11
2,9,275~4,9,275
2,0,138~6,0,138
2,7,82~3,7,82
3,8,175~9,8,175
2,7,107~3,7,107
4,0,49~6,0,49
4,7,285~4,7,285
5,0,252~5,1,252
3,7,177~8,7,177
8,4,264~8,4,264
2,2,271~2,7,271
0,2,61~0,3,61
0,8,267~7,8,267
2,7,151~7,7,151
7,3,48~7,3,48
4,9,192~4,9,192
3,1,293~5,1,293
0,6,135~2,6,135
0,0,299~8,0,299
0,4,105~0,9,105
4,6,40~4,6,40
2,6,25~2,6,25
9,0,7~9,2,7
6,4,116~6,9,116
3,6,228~4,6,228
2,8,71~2,8,71
2,1,26~8,1,26
9,1,152~9,4,152
0,3,168~0,3,168
8,4,25~8,7,25
4,1,48~4,4,48
4,3,158~4,7,158
3,6,20~4,6,20
0,3,16~8,3,16
3,2,113~5,2,113
1,0,264~9,0,264
3,6,155~3,6,155
0,3,145~0,8,145
5,3,150~5,3,150
4,4,89~4,4,89
2,9,242~8,9,242
1,7,187~3,7,187
3,3,70~4,3,70
2,2,69~8,2,69
5,0,116~5,0,116
3,8,58~4,8,58
2,5,36~8,5,36
2,4,27~4,4,27
2,0,42~2,0,42
4,8,268~5,8,268
3,1,114~4,1,114
4,7,96~4,7,96
2,2,162~2,2,162
1,2,5~7,2,5
6,0,105~6,4,105
0,8,291~2,8,291
0,0,182~4,0,182
7,4,2~7,6,2
2,3,139~3,3,139
3,4,284~3,6,284
4,4,102~7,4,102
6,2,127~6,7,127
0,0,102~6,0,102
0,8,5~8,8,5
1,4,68~1,4,68
0,2,295~6,2,295
4,8,291~7,8,291
1,2,62~1,7,62
0,6,168~8,6,168
9,4,9~9,8,9
2,6,185~6,6,185
0,4,189~0,4,189
0,1,179~0,3,179
2,3,153~6,3,153
3,4,202~6,4,202
0,0,137~4,0,137
4,3,299~8,3,299
2,3,71~6,3,71
1,4,256~6,4,256
2,2,229~8,2,229
2,4,287~2,4,287
2,3,56~3,3,56
0,3,43~6,3,43
4,1,171~4,4,171
3,2,190~8,2,190
0,8,100~5,8,100
1,9,294~5,9,294
0,3,3~3,3,3
6,1,119~6,4,119
8,2,221~8,2,221
1,8,253~8,8,253
3,0,190~5,0,190
2,4,72~2,5,72
3,2,35~3,2,35
1,9,30~7,9,30
9,2,33~9,6,33
2,7,79~3,7,79
4,2,123~4,2,123
3,3,145~3,7,145
1,2,219~1,2,262
1,2,278~5,2,278
4,6,48~6,6,48
9,1,108~9,9,108
7,3,90~7,8,90
4,4,278~4,5,278
2,7,81~9,7,81
9,2,151~9,6,151
6,4,97~6,9,97
4,3,160~6,3,160
4,8,249~6,8,249
0,4,243~0,7,243
2,3,152~2,3,152
6,3,53~6,5,53
3,9,212~6,9,212
4,4,59~4,8,59
2,5,258~3,5,258
1,6,99~1,6,99
0,0,246~8,0,246
0,0,241~0,4,241
0,0,97~0,3,97
3,7,70~5,7,70
2,0,271~6,0,271
8,2,52~8,6,52
4,5,133~4,5,133
6,1,20~6,6,20
2,2,279~7,2,279
1,2,192~3,2,192
0,6,100~8,6,100
4,5,282~8,5,282
3,1,93~4,1,93
3,9,228~6,9,228
1,0,94~4,0,94
0,8,186~0,8,186
3,4,272~4,4,272
2,1,204~5,1,204
9,1,115~9,4,115
2,5,236~4,5,236
5,4,206~5,8,206
8,0,71~8,0,71
2,1,235~2,3,235
3,2,283~3,8,283
8,4,212~8,8,212
2,6,34~6,6,34
2,4,129~9,4,129
1,7,248~1,7,248
1,3,41~7,3,41
3,7,260~8,7,260
3,1,284~3,3,284
1,6,191~2,6,191
3,5,5~6,5,5
2,0,211~2,0,211
7,4,150~7,9,150
1,4,137~1,4,137
4,9,254~5,9,254
9,4,118~9,6,118
0,9,31~0,9,31
2,2,193~2,2,193
0,0,101~2,0,101
4,5,266~8,5,266
0,3,124~0,5,124
1,7,290~6,7,290
3,8,263~7,8,263
4,4,178~5,4,178
4,0,191~6,0,191
0,2,106~9,2,106
1,3,245~3,3,245
2,4,62~4,4,62
3,9,283~5,9,283
8,2,223~8,6,223
3,5,169~5,5,169
0,1,95~0,5,95
4,9,8~6,9,8
4,2,74~8,2,74
4,8,193~5,8,193
3,8,10~4,8,10
0,2,160~4,2,160
2,3,131~3,3,131
4,0,222~6,0,222
2,2,7~5,2,7
3,4,107~8,4,107
1,4,237~3,4,237
0,4,205~4,4,205
3,3,204~7,3,204
4,0,192~4,0,192
0,0,49~0,6,49
0,3,165~8,3,165
9,2,82~9,7,82
2,9,98~7,9,98
3,3,110~9,3,110
4,0,220~5,0,220
2,5,174~8,5,174
9,4,121~9,8,121
3,7,20~3,7,20
5,2,293~5,4,293
3,4,251~8,4,251
7,1,13~7,6,13
9,1,195~9,2,195
2,3,103~3,3,103
7,0,241~7,7,241
7,3,206~7,7,206
3,5,45~8,5,45
0,1,27~0,2,27
6,0,289~6,0,289
1,3,108~5,3,108
6,0,217~6,2,217
3,3,249~5,3,249
1,2,201~1,2,201
8,4,31~8,5,31
0,7,103~7,7,103
3,8,180~7,8,180
3,2,145~8,2,145
0,4,103~0,5,103
2,1,25~2,1,25
4,4,119~4,7,119
3,8,7~5,8,7
1,3,143~6,3,143
8,2,79~8,2,79
8,4,199~8,4,199
8,2,11~8,3,11
4,4,81~4,5,81
5,3,295~5,3,295
4,0,45~7,0,45
8,2,271~8,3,271
1,4,95~1,4,95
2,6,183~6,6,183
4,4,170~4,4,170
1,8,101~5,8,101
2,8,51~5,8,51
3,2,129~8,2,129
9,0,249~9,3,249
0,0,291~3,0,291
2,4,16~3,4,16
3,9,271~4,9,271
6,4,150~6,8,150
2,0,58~2,5,58
4,7,239~6,7,239
2,0,208~2,1,208
1,2,39~2,2,39
8,2,13~8,2,13
2,2,268~2,2,268
0,0,88~4,0,88
5,0,210~5,6,210
4,3,167~6,3,167
5,4,172~5,7,172
4,9,85~9,9,85
9,0,105~9,1,105
3,1,246~6,1,246
0,0,78~6,0,78
7,4,9~7,9,9
7,2,47~7,5,47
1,1,34~1,1,34
4,7,227~8,7,227
1,1,16~7,1,16
0,0,113~0,1,113
2,1,267~3,1,267
4,5,159~9,5,159
7,0,94~7,5,94
3,4,87~5,4,87
4,4,298~6,4,298
4,9,214~6,9,214
3,8,19~3,8,19
2,5,217~8,5,217
0,3,207~0,4,207
4,7,205~9,7,205
4,6,249~9,6,249
3,5,10~4,5,10
7,3,104~7,6,104
0,4,5~0,4,5
3,1,6~3,6,6
8,3,205~8,4,205
0,2,194~0,7,194
3,2,213~3,5,213
3,8,220~9,8,220
9,3,280~9,3,280
4,1,10~4,2,10
4,0,295~4,1,295
1,6,107~4,6,107
0,4,34~4,4,34
0,3,191~2,3,191
4,4,12~5,4,12
2,3,242~7,3,242
1,9,186~6,9,186
4,3,166~5,3,166
3,7,137~7,7,137
3,8,182~3,8,182
1,5,118~6,5,118
1,4,18~1,8,18
0,6,238~4,6,238
0,9,125~2,9,125
3,7,256~9,7,256
3,2,155~6,2,155
5,1,261~5,1,261
1,6,283~1,6,283
2,6,148~7,6,148
1,7,188~3,7,188
4,8,276~4,8,276
4,2,92~8,2,92
1,6,65~3,6,65
4,5,109~8,5,109
2,3,188~3,3,188
4,9,106~6,9,106
7,2,221~7,6,221
1,6,106~3,6,106
5,4,61~5,6,61
2,1,275~8,1,275
2,0,136~7,0,136
3,2,115~5,2,115
1,1,291~8,1,291
5,2,164~5,2,164
3,4,29~5,4,29
4,5,43~6,5,43
4,4,267~4,5,267
3,3,157~8,3,157
0,1,218~0,1,218
3,3,120~3,5,120
0,1,227~0,6,227
2,2,272~2,2,272
0,9,140~1,9,140
1,2,128~1,2,128
2,4,186~7,4,186
4,7,225~5,7,225
4,7,22~5,7,22
2,3,284~2,6,284
4,0,245~4,0,245
8,4,191~8,5,191
3,4,37~9,4,37
4,4,287~4,6,287
9,1,209~9,6,209
2,7,104~6,7,104
3,2,269~3,7,269
4,9,119~8,9,119
2,7,207~5,7,207
7,3,177~7,5,177
8,2,171~8,6,171
2,1,17~7,1,17
9,0,2~9,4,2
1,4,261~7,4,261
4,6,290~6,6,290
2,2,154~5,2,154
1,9,166~5,9,166
2,0,68~9,0,68
3,3,190~3,7,190
4,1,53~7,1,53
8,2,116~8,5,116
4,8,4~8,8,4
3,4,163~5,4,163
3,3,135~5,3,135
1,6,286~5,6,286
2,0,196~3,0,196
2,2,298~7,2,298
1,3,113~5,3,113
8,2,104~8,4,104
3,4,65~5,4,65
2,4,82~4,4,82
3,3,109~8,3,109
4,0,274~4,0,274
2,2,105~5,2,105
9,4,119~9,9,119
1,6,276~2,6,276
4,8,26~9,8,26
2,4,222~4,4,222
3,1,121~3,1,121
0,4,136~2,4,136
3,1,86~3,1,86
3,5,132~8,5,132
3,8,2~7,8,2
2,3,186~5,3,186
3,0,288~3,5,288
8,2,253~8,7,253
2,5,19~5,5,19
2,0,106~2,0,106
4,2,111~9,2,111
1,9,225~7,9,225
3,0,168~8,0,168
3,8,204~8,8,204
2,1,152~3,1,152
4,1,258~4,3,258
4,1,109~4,1,109
3,9,175~4,9,175
1,5,58~1,5,58
5,3,214~5,3,214
2,0,139~4,0,139
1,7,112~4,7,112
7,1,175~7,2,175
4,2,275~9,2,275
9,1,232~9,1,232
3,8,297~4,8,297
1,4,124~6,4,124
1,9,182~5,9,182
9,2,200~9,6,200
3,9,208~6,9,208
0,5,24~2,5,24
6,3,7~6,3,7
1,9,174~6,9,174
4,9,213~8,9,213
1,8,265~4,8,265
