9,5,73~9,5,194
7,7,170~7,7,179
1,3,272~9,3,272
2,4,8~4,4,8
2,1,256~6,1,256
7,3,280~7,4,280
1,7,112~7,7,112
3,4,66~9,4,66
3,3,280~3,4,280
0,7,25~2,7,25
0,4,89~0,4,89
4,5,227~6,5,227
4,9,25~6,9,25
6,3,175~6,6,175
7,0,99~7,0,241
1,7,196~5,7,196
6,2,90~6,5,90
1,4,9~1,6,9
4,0,89~9,0,89
3,5,203~9,5,203
0,6,127~5,6,127
0,3,285~0,7,285
7,2,103~7,4,103
4,6,273~5,6,273
4,7,207~9,7,207
4,4,230~4,4,234
2,0,235~3,0,235
1,6,136~2,6,136
3,1,34~3,5,34
1,0,151~1,3,151
8,4,291~8,6,291
1,7,121~8,7,121
4,4,191~6,4,191
1,7,124~4,7,124
9,2,35~9,7,35
1,4,24~8,4,24
6,2,125~6,6,125
4,2,57~4,8,57
2,1,43~2,5,43
2,3,201~4,3,201
1,6,183~6,6,183
2,3,46~2,5,46
0,1,56~9,1,56
3,5,246~5,5,246
2,0,208~5,0,208
1,9,128~7,9,128
8,2,85~8,2,85
1,2,176~6,2,176
1,0,142~1,0,142
4,4,202~6,4,202
6,1,92~6,4,92
4,7,108~6,7,108
3,0,97~3,3,97
2,6,47~8,6,47
3,4,255~4,4,255
4,9,175~8,9,175
2,1,171~2,4,171
3,2,31~7,2,31
4,0,19~4,9,19
0,0,42~0,0,42
8,2,288~8,5,288
1,5,295~1,5,295
6,4,290~6,9,290
0,5,185~5,5,185
1,6,200~5,6,200
2,5,254~9,5,254
7,0,87~7,9,87
3,4,68~9,4,68
2,5,68~4,5,68
1,2,157~1,2,157
3,1,167~7,1,167
1,6,133~3,6,133
4,4,59~6,4,59
3,9,149~9,9,149
7,0,33~7,0,33
4,4,198~8,4,198
4,5,276~7,5,276
7,2,49~7,7,49
1,0,113~1,0,113
1,3,187~1,3,187
1,4,143~1,8,143
4,4,5~8,4,5
3,7,205~7,7,205
3,4,289~3,7,289
4,3,266~4,7,266
0,3,211~9,3,211
8,1,187~8,4,187
2,2,180~6,2,180
4,3,72~6,3,72
0,0,299~6,0,299
4,8,20~8,8,20
1,4,69~1,4,69
0,0,232~0,3,232
3,6,204~3,6,204
4,6,147~4,6,147
5,1,185~5,3,185
3,8,14~3,8,14
3,3,58~3,5,58
5,1,42~5,3,42
0,1,172~1,1,172
3,1,197~7,1,197
0,4,277~9,4,277
1,3,86~6,3,86
3,0,259~3,0,259
2,5,50~3,5,50
6,3,49~6,5,49
3,2,286~7,2,286
5,0,29~5,9,29
0,3,296~3,3,296
4,7,95~6,7,95
1,4,32~1,5,32
1,2,20~7,2,20
4,0,21~5,0,21
1,4,37~1,8,37
4,6,260~8,6,260
2,5,201~8,5,201
6,4,135~6,8,135
2,2,140~2,5,140
2,2,227~4,2,227
2,6,12~9,6,12
0,0,137~0,6,137
3,0,84~3,3,84
0,0,285~5,0,285
2,3,205~5,3,205
0,4,127~0,4,127
2,2,261~2,4,261
2,2,68~6,2,68
2,9,272~8,9,272
5,4,259~5,5,259
3,9,80~5,9,80
1,3,150~6,3,150
0,2,208~5,2,208
5,0,287~5,4,287
2,2,55~5,2,55
3,2,197~9,2,197
8,1,130~8,7,130
5,8,156~5,8,191
3,3,290~9,3,290
1,1,293~3,1,293
2,1,148~3,1,148
9,1,8~9,5,8
0,4,70~2,4,70
3,2,15~9,2,15
1,2,275~4,2,275
8,3,127~8,8,127
4,1,183~4,1,183
1,7,94~5,7,94
7,4,126~7,6,126
4,9,220~9,9,220
1,1,142~7,1,142
4,4,120~4,8,120
8,3,160~8,8,160
0,0,181~6,0,181
5,0,239~5,0,239
6,2,89~6,5,89
6,0,136~6,5,136
4,3,229~4,3,229
1,2,78~4,2,78
5,2,270~5,8,270
0,4,265~0,9,265
6,4,131~6,9,131
0,2,255~0,2,255
4,2,21~4,2,21
2,7,100~5,7,100
2,4,80~2,4,80
4,0,96~4,4,96
8,2,278~8,5,278
0,7,159~5,7,159
1,2,264~1,9,264
1,2,237~9,2,237
4,3,274~8,3,274
4,8,90~8,8,90
4,5,197~8,5,197
3,9,243~7,9,243
1,0,290~8,0,290
2,1,247~8,1,247
1,3,210~9,3,210
3,1,61~3,1,61
5,0,74~5,0,74
2,0,83~2,9,83
0,7,230~4,7,230
0,3,102~0,4,102
2,1,182~7,1,182
3,6,213~3,6,213
4,8,253~5,8,253
6,2,76~6,6,76
8,4,71~8,6,71
0,0,143~3,0,143
4,0,164~4,0,164
4,4,229~4,4,229
3,3,209~3,7,209
1,3,51~6,3,51
2,0,291~7,0,291
2,1,26~8,1,26
3,4,297~5,4,297
3,9,84~3,9,84
4,3,178~4,4,178
0,3,153~7,3,153
0,9,57~6,9,57
0,2,240~4,2,240
1,3,189~6,3,189
9,4,253~9,8,253
1,1,146~9,1,146
8,0,103~8,1,103
4,6,31~4,6,31
0,7,8~9,7,8
3,7,37~4,7,37
0,6,269~8,6,269
3,9,20~8,9,20
1,7,76~5,7,76
4,8,154~5,8,154
4,8,54~7,8,54
0,7,293~2,7,293
1,5,187~3,5,187
3,4,162~3,4,162
6,2,185~6,7,185
2,9,183~7,9,183
0,5,113~7,5,113
2,4,66~2,6,66
5,1,232~5,8,232
5,2,39~5,8,39
4,4,278~6,4,278
3,0,190~3,7,190
1,9,288~1,9,288
2,4,111~6,4,111
1,8,298~1,8,298
0,0,97~1,0,97
3,9,142~9,9,142
1,3,21~3,3,21
3,8,88~7,8,88
4,4,148~8,4,148
2,5,173~2,5,173
4,9,279~4,9,279
2,2,212~2,2,212
5,2,44~5,7,44
6,2,63~6,8,63
0,5,293~1,5,293
1,4,168~5,4,168
0,0,270~3,0,270
1,3,37~3,3,37
4,3,122~4,6,122
0,3,196~0,8,196
0,0,263~0,0,263
3,1,236~3,6,236
4,5,132~7,5,132
8,4,163~8,8,163
0,5,124~7,5,124
2,4,162~2,4,162
2,8,176~3,8,176
2,1,281~3,1,281
2,0,129~6,0,129
0,2,271~1,2,271
2,2,296~7,2,296
0,4,213~0,4,213
3,2,130~3,2,130
1,8,21~6,8,21
3,7,269~7,7,269
9,2,299~9,6,299
2,5,220~6,5,220
0,7,19~1,7,19
2,6,117~9,6,117
2,3,64~5,3,64
4,1,209~4,1,209
8,2,134~8,8,134
5,2,250~5,2,250
0,2,181~7,2,181
3,5,143~7,5,143
1,2,155~9,2,155
6,3,200~6,5,200
1,0,80~1,6,80
0,0,79~0,9,79
4,6,255~5,6,255
1,0,95~2,0,95
1,3,261~1,5,261
1,4,48~1,9,48
2,2,103~5,2,103
1,7,69~4,7,69
0,7,149~4,7,149
3,6,79~5,6,79
2,9,49~5,9,49
4,1,261~4,1,261
0,0,261~1,0,261
4,3,139~5,3,139
2,9,290~2,9,290
3,4,115~6,4,115
3,9,204~3,9,204
0,1,220~0,1,220
1,2,266~1,2,266
4,3,202~9,3,202
2,2,73~8,2,73
6,2,60~6,2,60
3,6,298~5,6,298
9,1,232~9,5,232
0,1,164~0,1,164
0,9,46~7,9,46
6,0,243~6,2,243
3,8,28~5,8,28
9,3,223~9,3,223
6,3,107~6,9,107
2,4,233~2,4,233
0,0,199~1,0,199
1,9,26~5,9,26
3,0,18~3,1,18
4,0,135~4,0,135
0,3,247~6,3,247
5,0,203~5,1,203
0,0,224~1,0,224
4,4,174~7,4,174
0,3,131~3,3,131
0,9,125~1,9,125
3,4,262~9,4,262
1,7,111~7,7,111
7,0,10~7,1,10
4,2,153~4,2,153
4,8,210~8,8,210
1,1,118~8,1,118
1,3,167~9,3,167
7,1,251~7,6,251
3,0,229~6,0,229
4,1,69~9,1,69
1,3,203~1,3,203
3,7,255~5,7,255
9,0,100~9,4,100
2,2,35~7,2,35
2,3,35~8,3,35
1,4,238~5,4,238
1,6,52~7,6,52
3,2,139~3,5,139
0,9,111~1,9,111
3,1,239~8,1,239
3,9,108~5,9,108
0,0,112~0,0,112
8,3,229~8,7,229
1,6,168~5,6,168
1,8,199~7,8,199
0,2,69~3,2,69
2,5,36~9,5,36
0,3,52~3,3,52
0,7,142~0,7,142
2,7,271~2,7,271
4,2,202~4,2,202
3,0,66~3,1,66
0,8,181~1,8,181
2,8,89~8,8,89
2,9,61~9,9,61
5,4,23~5,7,23
8,4,234~8,4,247
4,2,28~4,2,28
1,4,51~9,4,51
2,6,154~6,6,154
2,0,204~2,3,204
4,9,35~4,9,35
9,4,288~9,8,288
2,7,164~8,7,164
1,4,283~1,4,297
5,0,186~5,6,186
5,2,37~5,3,37
3,1,138~8,1,138
2,5,230~8,5,230
1,4,148~1,4,148
1,6,157~5,6,157
1,6,18~1,6,18
5,1,49~5,7,49
1,2,234~1,2,234
1,6,150~4,6,150
1,1,272~7,1,272
7,1,279~7,2,279
0,6,60~9,6,60
9,4,123~9,4,123
3,8,291~8,8,291
2,8,111~9,8,111
0,7,53~5,7,53
4,2,188~7,2,188
1,9,170~2,9,170
5,4,92~5,8,92
5,3,27~5,7,27
0,2,3~6,2,3
1,1,176~7,1,176
5,1,166~5,7,166
1,3,3~1,9,3
3,8,44~5,8,44
7,1,215~7,6,215
4,8,86~7,8,86
0,3,259~3,3,259
2,0,254~2,0,254
2,0,207~6,0,207
1,7,152~6,7,152
4,6,194~4,6,194
3,3,18~3,3,18
4,3,269~5,3,269
0,9,47~9,9,47
6,1,147~6,7,147
4,4,244~7,4,244
0,2,8~8,2,8
2,5,126~2,5,126
4,6,26~4,6,26
2,3,196~2,5,196
0,0,248~7,0,248
0,2,71~0,8,71
4,4,43~4,9,43
0,5,253~4,5,253
3,6,101~5,6,101
8,3,120~8,6,120
0,1,268~0,4,268
1,3,206~8,3,206
4,8,234~8,8,234
4,4,167~4,7,167
0,1,269~2,1,269
2,1,36~7,1,36
0,3,112~3,3,112
1,4,158~3,4,158
7,4,2~7,9,2
1,7,54~6,7,54
2,3,226~8,3,226
4,5,157~4,5,157
4,6,259~6,6,259
1,6,90~8,6,90
0,5,134~4,5,134
2,5,244~7,5,244
2,1,295~2,2,295
0,8,48~0,8,48
4,2,24~5,2,24
4,8,213~6,8,213
4,7,224~5,7,224
3,1,94~8,1,94
3,9,210~3,9,240
3,8,266~8,8,266
9,2,245~9,9,245
4,8,11~9,8,11
4,6,171~6,6,171
2,2,178~4,2,178
0,5,299~7,5,299
0,9,15~8,9,15
2,4,294~2,5,294
0,4,149~1,4,149
2,6,38~3,6,38
3,2,161~7,2,161
3,3,28~5,3,28
3,2,185~3,3,185
2,1,90~2,1,90
1,0,37~1,0,37
4,4,161~4,5,161
2,7,172~4,7,172
8,0,115~8,6,115
3,7,51~8,7,51
3,0,60~6,0,60
0,7,45~8,7,45
8,1,75~8,5,75
1,7,242~9,7,242
2,1,184~2,9,184
2,9,41~2,9,41
2,8,48~4,8,48
2,8,192~8,8,192
4,8,197~7,8,197
0,4,24~0,4,24
0,4,10~9,4,10
3,0,184~5,0,184
0,9,94~5,9,94
2,2,22~2,4,22
3,3,187~3,3,187
7,2,99~7,4,99
0,3,262~0,3,262
6,9,187~6,9,199
3,3,100~5,3,100
3,4,97~3,4,97
2,9,66~2,9,76
4,4,104~9,4,104
1,9,24~7,9,24
0,4,38~0,5,38
3,3,164~8,3,164
4,5,3~9,5,3
1,3,176~1,6,176
1,1,145~6,1,145
1,5,137~5,5,137
2,8,179~4,8,179
5,0,135~5,4,135
0,1,251~0,9,251
6,2,258~6,6,258
2,1,28~4,1,28
2,7,66~6,7,66
4,7,72~7,7,72
3,7,136~5,7,136
1,0,73~1,2,73
3,1,267~3,4,267
9,0,23~9,4,23
3,0,71~3,1,71
2,4,106~9,4,106
4,1,255~5,1,255
0,3,212~5,3,212
1,4,63~2,4,63
0,4,1~0,4,1
4,3,22~4,3,22
1,0,260~1,1,260
0,7,260~9,7,260
5,0,284~5,2,284
7,3,209~7,9,209
4,3,41~7,3,41
2,2,230~3,2,230
1,8,216~7,8,216
4,1,98~4,4,98
4,1,59~5,1,59
0,8,247~9,8,247
5,4,14~5,7,14
1,4,131~1,5,131
2,4,201~5,4,201
0,6,128~9,6,128
0,4,20~1,4,20
4,8,100~6,8,100
3,3,214~7,3,214
1,3,47~5,3,47
7,3,1~7,6,1
3,2,146~6,2,146
3,3,160~4,3,160
0,1,205~7,1,205
8,0,216~8,4,216
1,8,127~6,8,127
0,1,152~0,2,152
4,2,95~8,2,95
1,4,130~1,6,130
5,1,195~5,8,195
4,3,14~5,3,14
0,9,207~6,9,207
2,0,227~4,0,227
3,7,20~9,7,20
7,0,12~7,0,12
1,5,112~3,5,112
1,1,33~1,1,33
9,0,209~9,4,209
0,3,165~8,3,165
0,1,18~0,5,18
2,2,260~2,3,260
4,5,226~4,5,226
1,3,192~1,8,192
1,5,55~1,5,55
2,6,217~7,6,217
1,6,50~6,6,50
7,2,227~7,5,227
0,6,94~6,6,94
4,4,114~5,4,114
6,2,235~6,6,235
1,2,254~1,7,254
0,1,132~7,1,132
5,0,15~5,0,15
4,9,140~8,9,140
3,4,295~3,6,295
0,9,133~5,9,133
0,7,28~0,7,28
0,0,161~0,3,161
4,3,79~4,3,79
1,1,244~5,1,244
0,9,237~2,9,237
6,4,81~6,8,81
3,0,221~3,2,221
8,0,252~8,0,252
0,1,136~5,1,136
2,7,219~5,7,219
1,7,52~5,7,52
2,0,275~7,0,275
3,0,28~6,0,28
4,4,39~4,8,39
4,0,247~5,0,247
1,9,121~9,9,121
3,0,121~3,3,121
2,0,179~3,0,179
1,6,152~5,6,152
0,4,262~0,8,262
0,7,221~8,7,221
5,2,218~5,5,218
2,9,78~8,9,78
0,1,217~3,1,217
2,1,35~2,1,35
0,0,57~4,0,57
0,2,277~3,2,277
4,1,152~9,1,152
4,7,225~8,7,225
1,9,104~6,9,104
4,3,296~8,3,296
7,3,222~7,9,222
3,9,298~4,9,298
2,3,7~2,8,7
2,4,213~2,4,213
4,7,104~9,7,104
9,1,295~9,6,295
2,6,159~8,6,159
2,0,69~6,0,69
4,8,287~4,8,287
6,4,226~6,9,226
4,2,270~4,9,270
7,3,80~7,3,80
3,4,199~3,4,199
9,3,206~9,8,206
2,5,228~6,5,228
4,5,86~4,5,86
3,4,279~3,6,279
1,5,99~7,5,99
2,9,12~3,9,12
2,7,162~8,7,162
2,2,100~2,6,100
2,9,5~2,9,5
1,8,4~7,8,4
1,1,129~3,1,129
4,0,31~4,0,31
4,2,136~5,2,136
3,3,173~9,3,173
8,3,188~8,8,188
1,5,159~6,5,159
9,0,266~9,0,266
2,2,121~2,5,121
4,2,265~4,2,265
0,3,276~7,3,276
4,8,217~4,8,217
0,0,68~7,0,68
1,9,168~8,9,168
1,2,83~1,2,83
0,8,144~8,8,144
3,4,149~3,6,149
1,2,127~8,2,127
2,4,292~2,7,292
0,0,255~0,0,255
3,7,49~3,7,49
2,9,7~6,9,7
3,0,246~3,2,246
2,1,65~2,4,65
3,4,95~3,4,95
0,6,121~2,6,121
4,4,124~5,4,124
1,5,223~7,5,223
2,4,197~2,4,197
3,8,297~5,8,297
4,0,242~6,0,242
4,2,147~5,2,147
1,0,164~1,6,164
4,5,292~7,5,292
0,2,94~0,2,94
2,9,32~2,9,32
4,1,252~4,1,252
4,2,253~4,4,253
0,9,91~6,9,91
0,0,272~1,0,272
1,4,197~1,4,197
1,9,242~4,9,242
1,0,175~1,3,175
4,1,193~4,6,193
7,3,137~7,3,137
2,6,186~2,6,186
9,3,225~9,5,225
8,1,87~8,6,87
1,3,145~1,8,145
3,8,265~6,8,265
3,2,102~8,2,102
0,8,156~3,8,156
1,3,36~1,4,36
4,4,192~8,4,192
8,2,194~8,2,194
1,1,134~1,1,134
0,2,155~0,4,155
3,1,199~6,1,199
4,9,54~7,9,54
4,0,125~4,1,125
4,2,288~6,2,288
3,6,216~7,6,216
3,9,150~5,9,150
4,2,16~4,3,16
0,1,62~8,1,62
4,6,250~6,6,250
2,2,89~2,6,89
8,2,144~8,4,144
4,1,263~9,1,263
2,6,221~8,6,221
3,1,241~3,8,241
3,1,9~3,1,9
3,9,253~9,9,253
0,7,210~0,7,210
9,0,123~9,2,123
0,1,206~0,5,206
1,7,28~8,7,28
2,1,214~6,1,214
1,7,204~3,7,204
6,3,159~6,4,159
4,1,84~4,6,84
2,0,21~2,0,21
2,7,272~2,7,272
4,7,259~9,7,259
3,6,22~9,6,22
3,8,45~5,8,45
1,2,68~1,3,68
3,3,240~9,3,240
4,3,29~4,3,29
7,2,138~7,7,138
1,9,270~1,9,270
1,0,78~7,0,78
4,5,31~9,5,31
3,1,149~5,1,149
3,9,252~7,9,252
1,0,136~3,0,136
3,0,296~8,0,296
1,1,240~1,1,240
1,2,213~6,2,213
3,9,147~9,9,147
2,0,85~2,2,85
4,3,94~8,3,94
3,2,14~9,2,14
3,1,269~5,1,269
4,0,53~7,0,53
4,2,179~4,7,179
3,1,141~3,4,141
3,3,178~3,4,178
3,5,287~6,5,287
7,3,140~7,3,140
1,5,177~4,5,177
3,2,298~3,5,298
0,4,86~8,4,86
2,3,156~2,3,156
1,2,166~2,2,166
1,4,180~9,4,180
4,0,110~4,2,110
3,1,112~4,1,112
3,1,274~5,1,274
7,1,295~7,9,295
9,4,252~9,7,252
0,1,105~3,1,105
2,9,287~2,9,287
3,4,224~7,4,224
2,9,103~3,9,103
3,5,78~3,5,78
2,8,235~7,8,235
2,5,275~4,5,275
9,2,282~9,2,291
0,1,63~0,6,63
2,2,285~8,2,285
3,8,289~4,8,289
2,6,95~7,6,95
0,2,10~2,2,10
6,4,162~6,4,162
3,8,71~6,8,71
4,9,224~4,9,224
0,1,157~9,1,157
3,5,66~9,5,66
0,5,4~8,5,4
1,7,130~6,7,130
0,3,93~3,3,93
6,0,160~6,7,160
3,4,198~3,4,198
0,3,132~2,3,132
3,9,151~5,9,151
8,4,171~8,9,171
2,3,222~6,3,222
0,2,112~0,2,112
4,2,280~5,2,280
4,4,169~9,4,169
2,1,17~2,3,17
3,5,65~9,5,65
0,7,9~8,7,9
2,2,27~9,2,27
8,4,110~8,7,110
0,4,235~0,4,235
1,2,5~1,8,5
3,9,249~5,9,249
3,4,166~4,4,166
4,8,109~8,8,109
2,5,94~8,5,94
3,3,155~3,7,155
2,7,118~2,7,118
4,9,55~8,9,55
2,7,192~7,7,192
4,4,118~4,4,118
2,6,55~3,6,55
3,9,193~5,9,193
2,8,64~7,8,64
4,4,88~4,6,88
4,8,14~9,8,14
0,3,181~8,3,181
8,0,161~8,4,161
4,0,83~4,9,83
4,1,236~6,1,236
2,0,6~5,0,6
7,0,91~7,7,91
3,2,299~8,2,299
0,7,297~6,7,297
4,0,260~4,4,260
2,7,109~2,7,109
4,8,123~9,8,123
3,7,207~3,7,207
6,0,34~6,8,34
7,2,149~7,3,149
3,9,122~5,9,122
7,1,53~7,4,53
9,3,196~9,9,196
2,1,153~2,1,153
0,8,279~5,8,279
0,8,193~7,8,193
2,7,167~3,7,167
3,8,15~9,8,15
0,4,109~7,4,109
9,4,38~9,8,38
1,4,53~3,4,53
2,4,67~2,8,67
1,8,231~1,8,231
2,9,81~2,9,81
4,9,120~4,9,120
4,5,20~8,5,20
3,9,31~9,9,31
0,1,65~0,5,65
3,7,267~8,7,267
3,4,265~6,4,265
4,6,287~4,6,295
6,1,24~6,3,24
0,0,108~6,0,108
4,7,65~6,7,65
0,2,53~4,2,53
3,0,72~7,0,72
3,1,213~6,1,213
1,2,248~9,2,248
0,7,291~9,7,291
2,2,266~2,5,266
1,2,126~6,2,126
0,0,180~5,0,180
2,5,296~4,5,296
8,2,243~8,3,243
1,0,88~1,0,88
4,4,256~9,4,256
4,1,248~7,1,248
1,1,295~1,1,295
1,0,251~7,0,251
6,4,245~6,5,245
8,0,248~8,0,248
4,4,177~4,4,177
4,3,224~5,3,224
0,4,267~0,9,267
1,1,189~4,1,189
3,7,173~4,7,173
1,4,102~1,4,102
5,4,19~5,5,19
2,5,168~7,5,168
4,4,220~4,4,220
4,4,28~8,4,28
4,7,278~6,7,278
2,0,284~2,0,284
0,8,15~2,8,15
2,9,48~5,9,48
4,9,68~6,9,68
4,3,6~4,7,6
4,2,34~4,2,34
3,1,127~8,1,127
4,3,38~4,5,38
0,1,39~4,1,39
0,2,135~1,2,135
1,5,178~2,5,178
0,1,13~5,1,13
0,5,30~9,5,30
4,1,188~7,1,188
2,2,129~7,2,129
0,9,278~0,9,282
2,8,261~4,8,261
0,1,117~0,7,117
0,6,119~0,6,119
4,9,51~7,9,51
3,0,128~5,0,128
2,5,248~8,5,248
1,9,145~3,9,145
4,3,182~8,3,182
1,8,53~2,8,53
3,8,7~9,8,7
2,0,87~5,0,87
0,6,106~4,6,106
2,3,231~7,3,231
6,1,37~6,3,37
0,1,235~0,1,235
2,2,107~6,2,107
0,0,44~0,2,44
9,0,19~9,3,19
1,8,98~6,8,98
0,1,299~9,1,299
2,7,98~9,7,98
3,7,148~7,7,148
0,8,104~4,8,104
8,2,167~8,2,167
4,1,196~6,1,196
2,3,40~2,4,40
2,2,246~2,8,246
3,7,32~8,7,32
2,1,165~5,1,165
0,0,268~0,0,268
4,4,56~4,4,56
2,9,229~2,9,229
1,6,132~6,6,132
0,2,192~1,2,192
4,0,55~7,0,55
0,3,200~0,9,200
7,4,85~7,9,85
4,3,78~4,7,78
3,8,134~5,8,134
4,4,127~7,4,127
1,4,77~1,4,77
3,0,295~3,3,295
7,4,170~7,5,170
0,2,264~0,6,264
2,9,278~8,9,278
4,3,135~4,3,135
0,2,258~0,4,258
3,8,237~5,8,237
5,4,129~5,8,129
3,3,273~6,3,273
3,3,81~3,8,81
7,3,278~7,7,278
2,0,278~2,0,278
4,4,243~4,5,243
1,9,189~1,9,189
1,7,85~4,7,85
6,1,238~6,7,238
6,3,177~6,4,177
2,1,25~6,1,25
4,8,162~4,8,162
8,3,218~8,6,218
4,2,92~4,2,92
4,5,234~4,5,234
0,1,147~0,8,147
0,9,294~7,9,294
4,4,75~4,4,75
0,2,242~0,9,242
0,7,247~3,7,247
0,9,21~6,9,21
4,3,67~4,4,67
1,3,286~3,3,286
0,6,144~9,6,144
2,0,161~6,0,161
1,9,259~2,9,259
0,5,203~1,5,203
8,3,47~8,3,47
1,9,82~4,9,82
4,2,18~4,2,18
9,0,99~9,4,99
8,1,43~8,6,43
1,6,283~5,6,283
2,4,98~2,5,98
2,0,41~8,0,41
1,1,280~1,1,280
8,2,45~8,4,45
3,7,161~9,7,161
9,2,218~9,3,218
3,1,224~7,1,224
1,3,2~4,3,2
1,8,124~6,8,124
8,2,132~8,2,132
1,4,135~1,9,135
2,4,241~2,5,241
6,1,123~6,4,123
1,0,10~1,0,10
8,8,115~8,8,116
2,5,102~5,5,102
1,4,19~1,6,19
8,2,119~8,7,119
2,5,239~9,5,239
7,0,77~7,2,77
1,0,262~7,0,262
4,5,271~9,5,271
0,4,101~3,4,101
1,9,282~9,9,282
4,3,242~9,3,242
1,9,247~2,9,247
9,1,57~9,6,57
4,9,162~9,9,162
4,5,184~7,5,184
3,1,15~7,1,15
0,2,150~0,8,150
8,0,126~8,3,126
2,1,266~7,1,266
0,3,123~0,9,123
4,4,208~6,4,208
4,2,23~5,2,23
3,4,82~9,4,82
4,2,169~6,2,169
2,1,38~7,1,38
2,6,257~4,6,257
3,5,109~5,5,109
0,7,211~6,7,211
4,1,290~7,1,290
3,7,279~9,7,279
6,3,48~6,8,48
4,2,186~4,7,186
0,4,84~0,7,84
1,6,77~5,6,77
3,9,157~7,9,157
9,2,178~9,3,178
4,9,12~5,9,12
2,1,192~4,1,192
4,9,179~5,9,179
4,1,55~4,1,55
2,3,243~5,3,243
1,6,141~4,6,141
5,4,119~5,9,119
1,6,151~3,6,151
0,1,45~1,1,45
2,6,232~2,6,232
5,0,63~5,6,63
4,2,244~5,2,244
4,7,145~6,7,145
2,3,96~2,6,96
1,2,274~3,2,274
3,8,36~5,8,36
3,5,24~3,5,24
2,9,45~2,9,45
4,0,142~5,0,142
8,3,194~8,4,194
4,9,275~8,9,275
0,4,62~3,4,62
3,3,102~6,3,102
4,1,268~4,2,268
1,0,61~1,8,61
3,1,219~7,1,219
2,9,14~9,9,14
0,0,131~0,0,131
1,7,261~7,7,261
7,4,181~7,7,181
4,0,267~5,0,267
4,1,175~4,3,175
4,9,90~5,9,90
3,1,225~3,1,225
1,2,7~2,2,7
2,1,194~2,1,194
7,4,3~7,4,3
4,2,173~5,2,173
1,8,286~2,8,286
1,1,229~8,1,229
0,2,226~0,2,226
4,0,86~6,0,86
2,3,45~2,5,45
1,0,4~1,3,4
4,0,265~9,0,265
0,1,241~0,4,241
6,4,70~6,9,70
7,3,129~7,4,129
6,1,192~6,2,192
3,3,157~6,3,157
7,4,270~7,5,270
3,3,43~3,4,43
0,4,112~5,4,112
0,4,173~0,4,173
1,9,114~5,9,114
5,1,116~5,3,116
4,6,87~6,6,87
3,5,97~5,5,97
4,9,33~4,9,33
8,2,16~8,7,16
3,4,284~3,5,284
1,8,17~3,8,17
4,2,223~5,2,223
4,0,85~4,3,85
2,5,75~3,5,75
1,3,84~1,8,84
9,0,136~9,0,184
4,5,173~7,5,173
0,5,60~9,5,60
1,0,169~1,0,169
3,0,149~5,0,149
3,1,174~3,1,174
0,2,116~0,4,116
8,0,18~8,3,18
9,3,25~9,8,25
3,2,273~7,2,273
0,1,194~0,1,194
8,3,48~8,7,48
7,4,123~7,4,123
1,9,276~1,9,276
0,2,141~0,5,141
2,5,263~4,5,263
0,7,86~9,7,86
3,6,80~9,6,80
8,1,270~8,9,270
3,3,33~8,3,33
4,3,58~8,3,58
4,5,165~7,5,165
8,4,258~8,6,258
6,4,101~6,8,101
0,5,220~0,5,220
8,3,174~8,9,174
2,1,59~2,7,59
0,2,284~0,4,284
2,6,296~5,6,296
4,5,158~4,5,158
1,0,12~1,0,12
0,6,219~0,6,219
0,0,192~3,0,192
1,1,162~1,8,162
4,9,248~5,9,248
4,0,84~6,0,84
0,2,177~0,9,177
0,2,100~0,2,100
4,8,294~4,8,294
2,0,164~2,6,164
1,6,109~8,6,109
1,4,116~1,4,116
3,4,244~3,4,244
7,2,121~7,3,121
3,0,188~6,0,188
9,2,210~9,2,210
8,4,62~8,6,62
3,5,146~6,5,146
4,4,298~9,4,298
4,6,185~5,6,185
0,3,129~0,4,129
1,3,39~4,3,39
4,0,146~4,0,146
9,4,220~9,7,220
4,0,140~6,0,140
9,3,49~9,7,49
4,4,79~8,4,79
3,0,183~3,0,183
4,0,174~5,0,174
2,8,76~9,8,76
8,3,249~8,4,249
7,0,39~7,2,39
3,5,217~6,5,217
4,9,76~9,9,76
1,1,243~1,4,243
1,2,224~8,2,224
0,0,243~2,0,243
4,7,183~6,7,183
7,2,254~7,4,254
2,8,214~3,8,214
6,4,11~6,7,11
3,0,75~7,0,75
0,3,250~0,5,250
1,1,253~7,1,253
4,4,55~9,4,55
3,2,79~3,2,79
5,3,286~5,9,286
9,4,46~9,8,46
2,8,25~3,8,25
0,5,231~4,5,231
1,1,181~6,1,181
1,3,289~7,3,289
7,0,98~7,5,98
3,6,93~5,6,93
2,2,220~8,2,220
4,5,180~6,5,180
3,3,118~4,3,118
3,1,285~5,1,285
4,9,285~4,9,285
2,7,132~3,7,132
3,6,75~8,6,75
0,8,1~6,8,1
2,7,113~3,7,113
1,0,205~3,0,205
3,8,65~5,8,65
0,8,285~0,8,286
1,0,297~9,0,297
4,3,297~4,3,297
4,6,230~7,6,230
0,5,283~5,5,283
1,4,146~9,4,146
7,0,257~7,5,257
5,4,284~5,8,284
2,6,24~2,6,24
2,0,118~3,0,118
6,2,218~6,3,218
3,9,28~3,9,28
1,3,238~2,3,238
2,1,215~6,1,215
2,6,297~3,6,297
0,0,17~0,1,17
1,7,298~5,7,298
4,0,205~6,0,205
0,7,16~0,7,16
4,1,174~8,1,174
2,1,291~2,3,291
5,3,229~5,9,229
3,6,8~8,6,8
1,1,202~1,1,202
8,0,242~8,0,242
0,6,148~9,6,148
8,3,294~8,3,294
5,3,71~5,7,71
3,7,231~5,7,231
9,4,61~9,4,61
0,3,186~0,8,186
4,3,32~4,5,32
2,3,10~4,3,10
2,1,57~2,3,57
9,3,285~9,7,285
2,0,298~3,0,298
2,9,116~8,9,116
8,2,139~8,8,139
0,5,205~2,5,205
1,8,282~3,8,282
4,6,272~8,6,272
6,3,285~6,9,285
1,1,11~8,1,11
4,4,46~4,4,46
1,7,243~3,7,243
2,4,13~2,8,13
4,9,99~8,9,99
1,9,246~3,9,246
0,3,201~0,8,201
2,3,143~2,9,143
3,3,135~3,7,135
3,7,249~7,7,249
1,4,41~3,4,41
3,4,107~3,4,107
8,0,233~8,3,233
2,3,107~4,3,107
6,1,201~6,4,201
2,3,106~9,3,106
3,6,124~5,6,124
0,2,50~5,2,50
1,6,111~4,6,111
5,4,78~5,8,78
0,9,210~2,9,210
4,3,25~5,3,25
3,6,37~8,6,37
1,3,85~1,5,85
4,8,140~6,8,140
2,0,36~3,0,36
5,1,17~5,3,17
1,1,121~1,3,121
4,9,281~5,9,281
0,8,93~9,8,93
1,6,195~4,6,195
3,8,116~4,8,116
3,1,29~3,1,29
1,1,52~8,1,52
4,4,21~9,4,21
2,2,210~7,2,210
5,3,132~5,3,132
7,3,284~7,6,284
5,6,285~5,6,285
1,7,270~2,7,270
4,4,212~5,4,212
9,0,293~9,9,293
3,0,114~3,3,114
1,0,168~4,0,168
2,4,151~7,4,151
3,8,165~4,8,165
1,4,205~7,4,205
1,8,265~2,8,265
0,1,133~8,1,133
4,1,164~7,1,164
4,9,44~7,9,44
1,3,126~1,9,126
0,7,62~5,7,62
1,5,52~9,5,52
3,8,94~8,8,94
1,9,19~2,9,19
1,4,278~3,4,278
5,1,91~5,5,91
2,1,106~4,1,106
6,4,214~6,5,214
0,2,292~2,2,292
1,4,204~4,4,204
2,8,252~6,8,252
1,8,229~1,8,229
3,9,152~3,9,152
2,2,6~5,2,6
1,1,237~3,1,237
2,1,124~2,1,124
8,0,17~8,4,17
4,6,164~4,6,164
8,1,83~8,6,83
5,0,82~5,1,82
2,4,167~3,4,167
3,9,138~9,9,138
8,1,101~8,5,101
6,2,209~6,4,209
1,7,39~2,7,39
1,3,194~3,3,194
3,2,40~3,6,40
2,0,16~2,8,16
0,4,156~0,7,156
2,9,53~3,9,53
9,1,21~9,1,21
3,0,42~4,0,42
1,6,242~2,6,242
1,1,185~4,1,185
9,1,265~9,7,265
1,8,8~3,8,8
4,9,195~5,9,195
8,4,15~8,4,15
2,6,123~5,6,123
7,1,81~7,3,81
2,0,242~2,0,242
4,6,234~6,6,234
1,0,292~4,0,292
2,3,239~2,3,239
3,1,251~6,1,251
1,6,10~3,6,10
4,9,58~9,9,58
1,3,87~1,3,87
4,2,277~6,2,277
4,6,161~4,6,161
1,0,79~6,0,79
3,9,11~5,9,11
8,0,38~8,7,38
4,4,150~5,4,150
0,4,106~0,5,106
9,1,12~9,4,12
3,3,87~6,3,87
4,9,265~8,9,265
1,1,30~1,1,30
2,9,126~9,9,126
4,4,283~6,4,283
