0,1,138~0,4,138
3,4,28~5,4,28
2,6,86~9,6,86
1,1,229~1,7,229
2,0,128~9,0,128
4,0,139~5,0,139
7,4,174~7,4,174
2,0,179~2,4,179
4,2,211~8,2,211
3,7,119~8,7,119
3,1,274~3,3,274
5,3,249~5,8,249
4,5,104~7,5,104
9,3,294~9,3,294
0,5,38~9,5,38
1,3,95~1,7,95
2,0,173~4,0,173
2,0,76~7,0,76
6,2,109~6,4,109
0,5,279~9,5,279
4,5,46~9,5,46
3,8,77~6,8,77
1,4,113~6,4,113
3,8,227~7,8,227
3,4,189~8,4,189
9,0,13~9,1,13
4,0,236~4,7,236
3,0,291~8,0,291
0,2,276~6,2,276
0,6,190~7,6,190
2,0,71~2,2,71
3,2,256~3,9,256
0,9,58~9,9,58
4,9,202~4,9,202
8,2,15~8,2,15
3,5,73~5,5,73
9,0,19~9,3,19
6,2,183~6,7,183
3,7,258~7,7,258
5,6,255~5,6,285
0,9,142~8,9,142
4,3,268~9,3,268
0,8,141~8,8,141
0,0,141~9,0,141
7,0,19~7,7,19
1,0,273~4,0,273
4,2,271~4,3,271
2,0,55~6,0,55
2,0,196~2,0,196
0,9,40~7,9,40
2,7,193~8,7,193
1,8,81~8,8,81
1,0,194~3,0,194
2,3,65~6,3,65
5,1,160~5,2,160
0,6,115~2,6,115
1,2,217~1,3,217
2,6,232~7,6,232
0,8,202~6,8,202
1,2,289~9,2,289
9,0,293~9,0,293
4,9,66~8,9,66
9,3,230~9,6,230
0,3,38~4,3,38
1,1,241~4,1,241
2,7,214~3,7,214
2,4,299~9,4,299
8,0,84~8,6,84
4,0,14~6,0,14
0,7,110~2,7,110
4,4,229~4,4,229
0,1,70~1,1,70
0,8,64~6,8,64
0,3,183~0,6,183
2,8,203~5,8,203
0,9,29~3,9,29
3,7,110~3,7,110
2,4,160~6,4,160
0,1,263~0,4,263
3,8,137~7,8,137
0,2,261~0,5,261
4,7,194~5,7,194
0,0,194~0,0,194
9,9,258~9,9,265
3,3,24~8,3,24
1,4,177~1,9,177
9,0,142~9,0,198
4,6,169~4,6,169
1,6,179~7,6,179
8,4,140~8,7,140
4,5,164~6,5,164
0,1,140~0,6,140
0,1,98~5,1,98
1,2,253~1,2,253
4,7,245~9,7,245
2,4,176~2,5,176
9,0,123~9,7,123
1,6,61~1,6,61
3,1,187~5,1,187
7,4,26~7,4,26
0,1,31~8,1,31
5,1,40~5,6,40
9,1,70~9,1,70
0,2,131~0,9,131
1,1,47~1,1,47
2,9,73~3,9,73
6,9,237~6,9,256
0,9,295~1,9,295
3,3,2~3,9,2
4,2,34~7,2,34
1,3,17~1,3,17
3,2,119~8,2,119
2,2,70~6,2,70
4,4,240~9,4,240
3,3,139~5,3,139
3,2,92~3,2,92
4,4,271~8,4,271
8,1,211~8,1,264
4,3,205~5,3,205
5,0,106~5,8,106
3,2,257~6,2,257
4,0,96~4,3,96
2,9,182~3,9,182
1,9,288~7,9,288
2,5,14~9,5,14
0,9,144~7,9,144
3,3,291~6,3,291
0,2,232~0,9,232
4,6,137~9,6,137
3,0,233~3,5,233
1,4,132~3,4,132
4,6,10~4,6,10
3,4,227~3,4,227
2,3,12~8,3,12
4,2,93~4,6,93
1,4,256~1,4,256
2,0,138~5,0,138
6,1,275~6,3,275
0,6,160~7,6,160
3,6,144~8,6,144
0,8,291~3,8,291
0,0,103~4,0,103
0,1,194~9,1,194
4,3,293~9,3,293
4,3,210~4,7,210
2,4,75~2,4,75
4,1,137~4,4,137
4,2,63~4,8,63
1,6,287~9,6,287
5,3,237~5,3,237
4,3,10~4,4,10
2,5,234~9,5,234
5,1,108~5,6,108
2,7,35~9,7,35
7,4,29~7,8,29
0,1,63~7,1,63
1,3,96~3,3,96
8,0,92~8,7,92
1,3,124~7,3,124
4,5,49~6,5,49
8,3,34~8,7,34
8,4,1~8,8,1
4,8,28~5,8,28
6,4,2~6,6,2
0,6,250~2,6,250
3,7,297~5,7,297
3,1,270~3,1,270
3,9,123~3,9,123
2,8,274~6,8,274
4,4,89~4,9,89
8,2,112~8,5,112
0,4,286~0,7,286
4,2,9~7,2,9
6,1,279~6,1,279
1,9,175~2,9,175
3,9,90~6,9,90
4,2,142~5,2,142
1,2,187~2,2,187
1,1,150~1,5,150
4,7,218~6,7,218
1,2,269~1,5,269
5,0,159~5,8,159
7,0,180~7,2,180
3,8,134~9,8,134
4,9,9~9,9,9
0,3,58~0,6,58
8,0,179~8,3,179
2,4,283~2,4,283
3,7,185~8,7,185
0,7,34~1,7,34
8,1,157~8,2,157
4,6,117~8,6,117
1,1,101~5,1,101
3,9,119~7,9,119
8,3,145~8,4,145
3,5,250~6,5,250
9,2,159~9,9,159
0,8,192~1,8,192
1,5,169~9,5,169
9,4,257~9,4,258
2,9,60~9,9,60
2,0,27~2,4,27
1,1,91~6,1,91
0,1,264~0,4,264
2,9,297~8,9,297
0,0,155~5,0,155
3,5,21~9,5,21
1,3,176~4,3,176
7,1,280~7,1,291
1,4,45~7,4,45
3,4,34~5,4,34
0,8,180~2,8,180
2,2,178~2,2,178
1,7,146~1,7,146
9,2,51~9,2,51
1,8,44~8,8,44
7,4,237~7,8,237
4,4,255~9,4,255
3,0,249~8,0,249
1,0,25~7,0,25
8,2,213~8,4,213
4,5,222~4,5,222
2,2,195~4,2,195
9,2,167~9,3,167
7,0,92~7,8,92
3,5,134~4,5,134
0,6,248~0,6,248
3,1,51~8,1,51
1,7,8~9,7,8
3,4,97~9,4,97
0,7,122~3,7,122
5,0,236~5,7,236
3,3,150~3,3,150
3,0,158~3,0,158
3,1,82~5,1,82
1,3,266~1,4,266
2,4,275~3,4,275
3,9,150~5,9,150
2,9,51~5,9,51
4,1,32~9,1,32
1,2,129~9,2,129
0,2,43~0,9,43
4,6,143~7,6,143
3,2,5~9,2,5
4,0,39~5,0,39
1,2,151~1,5,151
2,3,231~3,3,231
9,2,154~9,8,154
4,2,247~4,5,247
1,2,213~1,2,213
7,3,103~7,6,103
3,1,47~3,7,47
5,2,182~5,7,182
1,0,1~3,0,1
1,5,166~1,5,166
3,2,209~3,3,209
0,5,53~4,5,53
7,2,16~7,7,16
7,2,254~7,2,254
1,9,262~3,9,262
0,6,54~3,6,54
2,6,77~8,6,77
4,0,223~4,4,223
0,9,106~9,9,106
2,8,233~2,8,262
6,4,154~6,9,154
6,1,74~6,2,74
1,3,171~8,3,171
1,7,53~1,7,53
0,1,20~4,1,20
4,3,123~8,3,123
1,4,86~5,4,86
3,5,199~3,5,199
0,4,34~0,4,34
2,4,32~4,4,32
2,0,109~9,0,109
2,8,194~5,8,194
2,2,189~5,2,189
0,5,71~3,5,71
2,3,193~3,3,193
0,0,284~6,0,284
2,7,209~8,7,209
3,4,72~5,4,72
8,4,57~8,5,57
1,4,149~3,4,149
3,9,215~4,9,215
4,7,108~7,7,108
4,4,114~4,4,114
0,2,228~0,6,228
0,0,75~4,0,75
1,3,174~9,3,174
0,2,69~4,2,69
4,2,127~4,8,127
3,9,43~7,9,43
3,8,124~7,8,124
1,2,19~1,6,19
4,9,100~5,9,100
1,6,248~5,6,248
9,1,79~9,7,79
3,6,31~5,6,31
0,9,64~1,9,64
4,2,64~6,2,64
3,3,285~6,3,285
3,4,140~3,4,140
3,8,294~6,8,294
2,4,33~5,4,33
2,6,106~2,6,106
2,4,65~3,4,65
3,0,116~3,0,116
4,4,207~4,4,207
1,0,199~4,0,199
5,0,12~5,2,12
5,2,239~5,9,239
7,3,278~7,5,278
1,2,293~1,9,293
3,1,168~6,1,168
2,4,290~2,7,290
4,7,87~8,7,87
1,9,260~2,9,260
1,9,207~4,9,207
2,0,98~6,0,98
4,1,22~4,3,22
8,2,199~8,6,199
1,4,65~1,8,65
3,2,28~6,2,28
0,5,214~8,5,214
5,7,36~5,7,72
4,4,153~4,7,153
0,6,299~9,6,299
1,0,35~9,0,35
4,0,140~4,0,140
4,9,138~7,9,138
0,1,35~2,1,35
2,1,17~7,1,17
2,0,144~2,4,144
2,4,77~3,4,77
1,1,210~5,1,210
6,8,281~6,8,285
0,7,83~1,7,83
3,4,117~6,4,117
1,5,200~5,5,200
2,1,168~2,2,168
3,9,70~3,9,70
8,2,42~8,7,42
3,1,64~5,1,64
1,1,152~1,8,152
1,2,39~4,2,39
9,1,47~9,3,47
3,5,44~4,5,44
3,4,136~9,4,136
3,0,147~3,1,147
3,3,221~3,5,221
3,5,227~7,5,227
2,4,79~2,9,79
5,3,157~5,4,157
4,7,207~7,7,207
7,1,3~7,9,3
2,8,129~9,8,129
1,1,221~1,6,221
3,1,276~5,1,276
5,0,78~5,6,78
3,0,46~3,9,46
1,1,247~1,5,247
2,0,70~3,0,70
0,6,146~8,6,146
1,2,185~8,2,185
5,3,37~5,4,37
3,1,28~3,1,28
1,0,226~6,0,226
0,4,18~3,4,18
4,5,126~7,5,126
0,2,166~2,2,166
3,0,146~3,0,146
4,8,265~5,8,265
4,8,126~5,8,126
1,6,292~6,6,292
3,0,97~9,0,97
7,7,285~7,7,286
4,1,189~4,1,189
2,7,184~9,7,184
1,1,111~3,1,111
1,4,84~2,4,84
1,1,115~8,1,115
8,4,141~8,4,141
2,1,277~2,8,277
3,0,198~3,0,198
0,9,37~6,9,37
2,2,296~2,4,296
0,3,72~4,3,72
1,6,91~2,6,91
2,2,25~2,9,25
4,5,97~6,5,97
3,4,165~3,4,165
3,7,257~3,7,257
0,2,79~2,2,79
4,9,130~4,9,130
1,4,24~5,4,24
4,5,96~9,5,96
0,3,53~8,3,53
4,3,20~9,3,20
1,6,241~5,6,241
2,7,5~7,7,5
8,3,159~8,6,159
8,1,72~8,1,72
6,3,235~6,4,235
5,2,24~5,2,24
7,4,34~7,7,34
2,7,179~4,7,179
2,6,132~6,6,132
0,7,249~2,7,249
0,9,77~5,9,77
0,0,219~1,0,219
3,3,234~7,3,234
2,0,112~9,0,112
4,9,72~4,9,72
4,1,25~9,1,25
3,2,294~3,7,294
2,2,134~2,6,134
1,0,254~9,0,254
4,1,125~4,1,125
1,1,166~6,1,166
1,1,184~1,8,184
1,8,275~8,8,275
3,4,280~9,4,280
0,1,108~0,5,108
1,5,165~3,5,165
3,4,31~8,4,31
6,1,114~6,1,114
3,3,16~5,3,16
7,2,123~7,2,123
4,4,206~6,4,206
4,5,196~9,5,196
5,0,152~5,4,152
1,5,37~5,5,37
4,3,90~7,3,90
4,9,226~8,9,226
4,7,173~7,7,173
3,4,167~5,4,167
2,9,275~2,9,275
3,7,241~9,7,241
1,0,287~3,0,287
2,4,12~4,4,12
4,9,172~8,9,172
1,9,148~1,9,171
2,1,225~7,1,225
1,4,135~1,4,135
4,1,5~7,1,5
0,4,54~7,4,54
3,6,189~6,6,189
8,1,67~8,8,67
6,0,56~6,9,56
0,8,16~5,8,16
4,8,104~7,8,104
1,0,172~1,6,172
3,5,45~8,5,45
3,2,59~7,2,59
2,9,52~6,9,52
7,3,88~7,3,88
2,0,134~6,0,134
4,0,74~4,0,74
7,4,7~7,5,7
3,0,65~9,0,65
1,1,71~1,1,71
3,7,26~8,7,26
4,5,142~4,5,142
7,3,286~7,3,286
3,3,279~3,3,280
4,1,148~4,1,148
3,1,161~9,1,161
5,2,217~5,5,217
0,7,282~0,7,282
2,3,145~2,3,145
4,0,169~4,4,169
8,4,223~8,7,223
1,4,183~2,4,183
4,4,38~5,4,38
0,1,213~0,2,213
2,4,181~2,9,181
6,3,25~6,8,25
9,1,138~9,6,138
9,3,51~9,9,51
4,1,129~7,1,129
1,1,230~4,1,230
3,8,150~3,8,150
7,0,146~7,5,146
2,7,192~5,7,192
1,4,180~7,4,180
0,1,155~0,1,155
2,5,287~2,5,287
1,0,232~1,4,232
5,4,82~5,5,82
1,1,132~1,1,132
2,0,17~6,0,17
3,2,53~9,2,53
6,4,92~6,6,92
2,1,41~7,1,41
0,2,83~5,2,83
0,5,105~9,5,105
2,2,121~6,2,121
2,9,170~6,9,170
1,3,71~7,3,71
6,0,118~6,1,118
2,2,164~2,6,164
3,3,177~3,3,177
8,0,289~8,1,289
8,1,12~8,1,12
8,4,204~8,9,204
2,8,76~8,8,76
3,6,57~3,6,57
1,5,20~4,5,20
2,2,249~2,2,249
2,9,290~9,9,290
2,6,170~4,6,170
3,4,234~8,4,234
7,3,25~7,7,25
4,3,116~9,3,116
1,1,62~7,1,62
1,9,227~4,9,227
0,4,210~0,4,210
0,1,2~0,1,2
0,2,75~0,7,75
2,3,39~9,3,39
2,3,88~2,5,88
2,8,163~2,8,163
5,3,130~5,6,130
3,0,210~4,0,210
4,5,34~4,5,34
1,4,16~1,4,16
1,9,188~9,9,188
0,2,72~8,2,72
2,7,180~7,7,180
2,6,187~6,6,187
2,1,6~2,7,6
0,5,162~2,5,162
2,0,107~7,0,107
1,6,83~9,6,83
2,2,61~2,7,61
3,2,168~3,2,168
4,0,276~4,0,276
0,9,42~5,9,42
1,0,4~8,0,4
1,2,106~1,2,106
1,6,118~6,6,118
3,3,198~3,5,198
1,0,2~1,3,2
5,0,89~5,9,89
6,4,192~6,8,192
2,6,56~2,6,56
1,7,18~4,7,18
4,0,182~4,0,182
0,7,253~0,7,253
3,8,177~5,8,177
2,1,69~2,1,69
6,2,249~6,2,249
2,6,36~7,6,36
4,0,132~8,0,132
6,3,209~6,6,209
2,3,297~4,3,297
2,1,146~2,1,146
1,4,218~4,4,218
0,0,63~9,0,63
4,6,214~5,6,214
4,2,155~4,5,155
8,4,228~8,8,228
2,1,261~2,1,261
0,0,262~0,6,262
4,0,56~4,6,56
1,9,14~2,9,14
1,8,9~2,8,9
4,8,190~4,8,190
1,1,287~5,1,287
1,0,85~5,0,85
3,3,52~9,3,52
4,4,171~4,4,171
3,2,109~3,8,109
1,8,45~5,8,45
4,0,294~5,0,294
2,1,157~5,1,157
1,4,167~1,4,167
9,3,296~9,3,296
4,2,200~4,4,200
2,5,244~4,5,244
8,3,30~8,3,30
3,7,125~3,7,125
1,0,285~3,0,285
2,9,74~9,9,74
0,1,8~5,1,8
0,5,287~1,5,287
2,2,184~3,2,184
1,3,194~8,3,194
2,8,174~4,8,174
4,1,18~8,1,18
4,0,94~7,0,94
7,1,127~7,7,127
7,1,203~7,5,203
0,3,276~8,3,276
0,3,23~7,3,23
4,5,298~7,5,298
3,2,77~3,2,77
4,1,21~4,1,21
1,5,124~6,5,124
0,3,118~0,7,118
5,4,198~5,4,198
1,4,271~1,5,271
2,4,60~5,4,60
1,8,57~3,8,57
3,9,133~9,9,133
4,1,292~4,4,292
0,0,222~0,0,222
3,4,228~6,4,228
3,2,161~3,5,161
2,9,195~7,9,195
2,8,113~3,8,113
3,4,129~3,6,129
1,8,133~1,8,133
1,6,93~2,6,93
3,6,293~7,6,293
4,0,102~5,0,102
3,6,91~6,6,91
9,1,6~9,5,6
3,5,268~4,5,268
1,9,92~8,9,92
2,4,168~3,4,168
6,2,254~6,7,254
6,0,250~6,4,250
1,5,34~1,5,34
3,2,95~9,2,95
2,5,282~5,5,282
2,5,55~5,5,55
4,2,88~7,2,88
0,4,74~2,4,74
4,4,238~4,4,238
3,2,223~3,2,223
4,3,150~4,3,150
4,6,261~4,6,261
3,2,67~5,2,67
0,3,190~6,3,190
2,1,280~2,4,280
3,6,75~5,6,75
1,9,283~9,9,283
2,5,77~7,5,77
0,2,115~5,2,115
3,7,191~7,7,191
4,9,235~4,9,271
0,0,238~0,0,238
9,1,1~9,5,1
4,3,272~6,3,272
1,1,107~1,1,107
9,3,292~9,4,292
1,2,224~1,4,224
3,4,171~3,9,171
4,7,298~7,7,298
1,2,100~9,2,100
9,3,113~9,6,113
9,1,231~9,2,231
2,1,214~2,3,214
7,4,235~7,8,235
7,2,30~7,5,30
2,0,158~2,9,158
0,7,111~4,7,111
5,4,47~5,5,47
9,2,246~9,5,246
1,3,11~2,3,11
4,3,161~4,8,161
1,1,283~1,5,283
0,3,40~4,3,40
4,1,77~4,1,77
0,0,58~0,1,58
7,3,51~7,5,51
4,8,269~7,8,269
1,6,231~7,6,231
0,2,149~9,2,149
4,1,57~9,1,57
0,8,211~8,8,211
4,2,291~7,2,291
2,0,237~5,0,237
3,8,299~6,8,299
0,1,186~3,1,186
4,3,172~4,3,172
4,8,267~4,8,267
3,0,42~3,1,42
3,8,233~7,8,233
0,2,247~0,7,247
2,0,272~9,0,272
4,2,231~7,2,231
0,7,117~8,7,117
0,1,164~0,1,164
4,0,270~4,5,270
4,4,124~8,4,124
1,9,200~4,9,200
4,3,219~5,3,219
2,9,94~2,9,94
3,1,89~3,8,89
2,6,245~7,6,245
2,1,143~5,1,143
7,1,111~7,8,111
4,1,72~4,1,72
4,4,87~4,4,87
3,9,166~9,9,166
1,9,45~4,9,45
2,9,126~5,9,126
1,2,240~1,7,240
2,4,170~9,4,170
0,1,225~0,8,225
4,5,6~6,5,6
3,8,215~9,8,215
0,2,211~0,2,211
2,0,283~2,1,283
4,4,49~8,4,49
4,8,120~5,8,120
1,3,287~8,3,287
3,2,66~6,2,66
1,4,273~9,4,273
2,5,215~8,5,215
2,9,199~7,9,199
4,2,37~5,2,37
2,2,250~2,2,250
1,9,225~7,9,225
0,0,117~0,4,117
0,6,37~2,6,37
2,6,180~9,6,180
3,9,206~3,9,206
0,6,23~1,6,23
2,0,242~4,0,242
2,6,69~4,6,69
3,1,116~8,1,116
3,4,288~3,4,288
3,2,32~4,2,32
4,1,105~6,1,105
8,1,121~8,9,121
0,6,11~7,6,11
7,1,76~7,5,76
0,0,228~2,0,228
3,8,168~4,8,168
1,1,90~3,1,90
1,2,162~7,2,162
2,3,42~4,3,42
8,1,126~8,9,126
0,5,29~4,5,29
3,8,172~3,8,172
2,6,82~7,6,82
1,1,201~1,9,201
7,3,132~7,6,132
1,0,92~1,5,92
0,3,265~1,3,265
2,6,135~2,6,135
4,5,50~5,5,50
0,2,96~0,9,96
0,6,44~2,6,44
4,0,148~6,0,148
6,2,234~6,2,234
0,0,107~0,0,107
1,7,88~7,7,88
9,3,199~9,9,199
5,0,197~5,0,197
3,9,116~5,9,116
7,3,215~7,3,215
5,1,192~5,5,192
1,1,208~2,1,208
3,7,113~4,7,113
4,1,23~9,1,23
2,1,124~2,1,124
0,8,13~4,8,13
9,3,13~9,8,13
1,7,124~5,7,124
3,6,297~7,6,297
0,0,169~0,7,169
0,0,187~8,0,187
3,2,133~6,2,133
0,2,191~1,2,191
3,8,264~8,8,264
6,1,143~6,2,143
4,3,178~9,3,178
3,6,247~3,6,247
3,3,126~3,8,126
0,8,283~5,8,283
3,1,263~5,1,263
3,1,266~4,1,266
2,5,224~4,5,224
0,8,140~6,8,140
3,3,196~6,3,196
1,4,205~4,4,205
0,7,252~5,7,252
8,4,73~8,5,73
3,4,277~5,4,277
6,1,233~6,5,233
0,7,77~5,7,77
1,0,3~4,0,3
6,3,149~6,8,149
1,8,164~4,8,164
0,7,146~0,7,146
0,0,136~0,9,136
0,7,121~0,7,121
3,4,62~9,4,62
9,2,218~9,3,218
9,2,87~9,2,87
1,8,296~3,8,296
1,5,23~2,5,23
9,0,64~9,8,64
4,4,233~4,7,233
4,0,175~4,1,175
7,3,262~7,8,262
0,5,27~8,5,27
4,3,279~6,3,279
2,6,209~5,6,209
0,5,141~9,5,141
2,9,285~8,9,285
3,4,264~4,4,264
2,9,16~7,9,16
4,4,275~6,4,275
8,0,160~8,5,160
1,9,187~3,9,187
3,2,208~3,2,208
1,9,220~7,9,220
1,8,110~8,8,110
1,5,62~9,5,62
5,4,178~5,5,178
3,3,296~3,3,296
4,5,148~6,5,148
0,1,162~9,1,162
0,1,127~3,1,127
3,9,185~5,9,185
4,3,21~6,3,21
0,8,269~2,8,269
3,2,84~7,2,84
7,0,165~7,8,165
1,9,12~1,9,12
9,2,178~9,2,178
6,0,176~6,7,176
8,1,83~8,5,83
8,2,178~8,2,178
2,0,113~4,0,113
0,6,282~1,6,282
4,2,295~8,2,295
3,9,298~3,9,298
3,2,152~3,2,152
2,5,242~9,5,242
7,2,93~7,3,93
3,1,202~3,1,202
1,9,90~2,9,90
0,7,230~5,7,230
4,2,181~4,2,181
3,0,192~7,0,192
3,1,37~9,1,37
3,2,8~4,2,8
2,8,85~9,8,85
1,5,24~3,5,24
3,0,30~6,0,30
3,8,68~6,8,68
2,2,107~4,2,107
2,5,125~7,5,125
6,0,163~6,6,163
2,7,225~8,7,225
2,6,113~2,6,113
2,0,222~2,2,222
4,2,58~4,2,58
3,8,225~3,8,225
2,9,169~5,9,169
4,4,154~4,4,154
0,3,101~7,3,101
2,4,95~2,4,95
2,3,265~6,3,265
2,8,67~4,8,67
3,9,54~6,9,54
7,1,262~7,2,262
1,1,207~6,1,207
3,5,137~4,5,137
1,8,93~4,8,93
1,5,187~4,5,187
4,2,86~4,2,86
2,1,81~8,1,81
4,1,265~6,1,265
4,5,24~9,5,24
1,2,59~1,9,59
4,8,65~5,8,65
1,3,282~7,3,282
3,8,114~8,8,114
0,3,133~5,3,133
3,8,107~4,8,107
2,2,57~6,2,57
4,8,226~8,8,226
3,6,221~9,6,221
1,5,241~6,5,241
6,0,232~6,4,232
0,5,176~1,5,176
0,5,48~8,5,48
1,0,117~1,0,117
8,3,95~8,3,95
7,0,246~7,7,246
2,8,114~2,8,114
1,4,120~9,4,120
0,9,87~8,9,87
2,1,193~5,1,193
0,3,143~4,3,143
1,4,57~6,4,57
3,0,82~8,0,82
0,4,21~2,4,21
3,1,271~3,5,271
3,8,254~9,8,254
3,8,43~6,8,43
4,0,269~4,0,269
2,8,15~7,8,15
0,7,13~3,7,13
3,7,85~5,7,85
3,9,287~5,9,287
1,2,211~1,3,211
1,2,137~2,2,137
2,1,79~8,1,79
6,1,172~6,8,172
2,6,121~7,6,121
4,8,175~6,8,175
2,0,126~2,0,126
1,5,270~2,5,270
3,4,190~3,4,190
1,2,138~4,2,138
3,7,20~9,7,20
2,3,225~6,3,225
1,9,57~6,9,57
3,4,80~8,4,80
6,0,208~6,2,208
4,9,135~6,9,135
1,3,78~1,8,78
7,3,102~7,8,102
2,2,150~3,2,150
4,3,260~4,4,260
6,2,161~6,6,161
7,1,265~7,3,265
7,0,252~7,4,252
4,6,20~4,6,20
2,1,74~2,1,74
4,1,163~4,4,163
1,2,125~9,2,125
1,2,209~1,9,209
8,4,75~8,9,75
2,0,206~2,8,206
4,7,90~8,7,90
1,5,261~3,5,261
3,1,297~9,1,297
0,1,267~7,1,267
5,4,212~5,7,212
2,1,258~5,1,258
8,3,285~8,3,285
3,5,151~7,5,151
7,1,89~7,7,89
0,2,195~1,2,195
2,1,30~2,2,30
5,1,29~5,6,29
3,7,190~9,7,190
2,6,40~3,6,40
2,3,111~2,5,111
3,5,184~5,5,184
5,0,220~5,2,220
2,5,213~2,5,213
2,7,213~3,7,213
6,3,237~6,7,237
1,8,35~6,8,35
3,7,32~7,7,32
1,0,227~6,0,227
4,2,74~5,2,74
8,2,133~8,4,133
3,7,181~4,7,181
8,0,28~8,8,28
1,8,5~5,8,5
0,8,295~6,8,295
2,3,43~8,3,43
0,5,294~0,5,294
3,1,39~7,1,39
4,5,180~9,5,180
0,9,9~3,9,9
1,1,183~7,1,183
1,8,178~9,8,178
4,1,93~8,1,93
7,1,128~7,1,128
6,0,229~6,5,229
3,0,260~9,0,260
2,0,172~6,0,172
2,1,181~9,1,181
1,7,27~6,7,27
0,9,44~1,9,44
3,3,180~4,3,180
3,4,88~7,4,88
2,6,261~2,6,261
1,9,67~3,9,67
0,0,208~2,0,208
4,9,85~8,9,85
3,9,117~8,9,117
5,0,18~5,0,18
0,3,248~8,3,248
5,3,127~5,7,127
4,3,145~7,3,145
0,7,222~7,7,222
4,4,173~4,6,173
4,3,266~8,3,266
0,3,286~6,3,286
1,8,287~3,8,287
1,6,296~9,6,296
5,0,266~5,2,266
7,3,147~7,5,147
0,4,201~0,6,201
0,2,285~0,9,285
2,6,226~8,6,226
9,0,101~9,9,101
1,0,295~3,0,295
0,6,34~4,6,34
4,4,289~9,4,289
1,5,280~8,5,280
3,2,175~3,2,175
3,1,38~3,1,38
6,4,87~6,5,87
0,1,292~0,5,292
3,1,164~7,1,164
3,4,13~3,4,13
4,8,40~9,8,40
1,9,268~1,9,268
4,3,254~4,3,254
4,2,23~4,2,23
4,2,6~5,2,6
3,8,153~9,8,153
1,7,10~4,7,10
0,9,78~0,9,78
0,7,107~8,7,107
3,6,285~3,6,285
4,3,183~4,6,183
9,4,202~9,8,202
3,2,222~5,2,222
9,4,197~9,7,197
0,1,73~0,5,73
8,1,140~8,3,140
2,5,205~8,5,205
2,2,142~2,7,142
0,1,231~0,3,231
1,2,77~2,2,77
9,0,226~9,9,226
2,1,198~2,4,198
3,3,122~9,3,122
0,5,84~3,5,84
7,1,83~7,1,83
1,4,202~4,4,202
2,5,128~6,5,128
0,6,167~8,6,167
3,9,208~3,9,208
4,5,145~8,5,145
7,1,21~7,1,21
4,2,210~4,2,210
3,5,40~4,5,40
3,8,50~4,8,50
1,8,54~2,8,54
3,1,254~3,5,254
0,2,173~9,2,173
3,8,83~9,8,83
9,1,291~9,5,291
8,3,281~8,4,281
0,2,57~0,7,57
8,0,201~8,5,201
0,3,8~0,4,8
4,8,245~6,8,245
2,2,216~2,5,216
3,4,257~7,4,257
1,2,36~1,4,36
7,2,18~7,5,18
4,1,186~5,1,186
0,6,14~1,6,14
6,1,83~6,2,83
4,9,15~5,9,15
1,0,193~1,9,193
1,1,248~5,1,248
2,7,134~9,7,134
7,1,172~7,2,172
0,6,53~1,6,53
1,8,232~1,8,232
9,0,241~9,0,247
1,2,82~1,3,82
3,9,161~4,9,161
0,5,230~2,5,230
2,5,274~6,5,274
0,0,297~8,0,297
5,3,114~5,4,114
4,2,175~4,7,175
2,1,13~8,1,13
4,3,153~6,3,153
2,2,155~2,2,155
0,3,222~1,3,222
4,7,178~4,7,178
3,9,158~9,9,158
0,0,54~8,0,54
8,0,138~8,2,138
0,3,45~0,6,45
3,8,239~3,8,239
3,9,30~3,9,30
1,2,254~1,9,254
4,7,104~5,7,104
5,4,115~5,4,115
1,6,16~6,6,16
0,2,22~0,8,22
1,2,128~1,5,128
8,0,58~8,0,58
4,6,149~4,6,149
0,2,181~0,6,181
4,7,148~8,7,148
2,8,127~3,8,127
3,5,139~5,5,139
1,3,5~6,3,5
0,7,227~5,7,227
1,5,8~1,5,8
4,1,45~5,1,45
3,4,64~7,4,64
4,3,125~9,3,125
1,6,295~5,6,295
2,9,23~5,9,23
5,4,77~5,4,77
3,0,243~3,7,243
9,3,271~9,5,271
3,2,98~6,2,98
2,1,24~4,1,24
8,0,180~8,0,180
6,0,296~6,4,296
1,1,251~5,1,251
4,8,47~9,8,47
3,0,261~9,0,261
4,8,251~8,8,251
2,2,14~2,4,14
4,5,86~9,5,86
0,1,182~0,7,182
3,2,226~3,3,226
4,4,74~5,4,74
3,3,217~3,6,217
1,0,202~1,0,202
9,3,217~9,4,217
9,3,59~9,9,59
2,6,81~3,6,81
2,7,82~4,7,82
1,8,116~7,8,116
2,7,262~6,7,262
1,4,252~5,4,252
9,1,26~9,3,26
1,1,36~2,1,36
2,0,129~9,0,129
3,4,211~3,5,211
3,4,118~6,4,118
1,1,296~1,3,296
7,4,2~7,6,2
0,3,67~6,3,67
0,3,92~0,4,92
8,3,4~8,7,4
3,3,137~3,4,137
2,2,270~3,2,270
4,8,136~9,8,136
1,9,239~2,9,239
3,8,273~5,8,273
2,0,122~2,0,122
0,2,15~7,2,15
1,9,47~2,9,47
2,2,113~5,2,113
0,8,151~8,8,151
7,0,263~7,4,263
1,8,240~1,8,240
1,4,239~2,4,239
0,2,167~0,2,167
4,0,43~9,0,43
2,8,216~8,8,216
2,2,95~2,2,95
4,6,250~9,6,250
4,5,230~5,5,230
4,9,187~7,9,187
2,7,73~2,7,73
0,4,94~0,7,94
1,2,51~6,2,51
5,1,154~5,4,154
0,3,239~0,8,239
3,8,101~5,8,101
2,2,295~2,2,295
1,1,123~5,1,123
3,7,96~5,7,96
3,2,281~9,2,281
0,8,71~2,8,71
0,7,39~0,7,39
0,4,41~0,7,41
4,3,284~4,9,284
1,3,297~1,6,297
2,0,73~7,0,73
4,8,87~9,8,87
8,4,35~8,5,35
1,1,178~6,1,178
4,0,40~5,0,40
9,1,34~9,8,34
7,2,33~7,4,33
4,1,254~7,1,254
1,4,76~1,8,76
1,6,150~7,6,150
0,1,298~9,1,298
0,2,24~2,2,24
3,6,255~3,6,255
9,3,165~9,8,165
1,4,10~3,4,10
3,0,121~6,0,121
1,4,55~1,9,55
2,4,103~2,7,103
3,3,188~3,3,188
0,4,1~6,4,1
4,1,14~9,1,14
1,7,125~2,7,125
4,0,52~4,0,52
2,1,107~2,1,107
3,7,196~8,7,196
9,8,169~9,8,170
2,9,196~2,9,196
0,0,66~8,0,66
9,2,142~9,7,142
0,5,69~1,5,69
2,4,17~2,4,17
8,2,192~8,9,192
4,7,147~7,7,147
0,9,95~2,9,95
4,4,179~4,5,179
6,0,184~6,6,184
0,3,170~0,3,170
0,5,159~1,5,159
0,2,100~0,2,100
3,5,76~4,5,76
1,1,264~6,1,264
6,3,132~6,5,132
4,7,291~5,7,291
1,3,104~2,3,104
0,3,74~0,3,74
1,2,132~3,2,132
1,3,56~1,7,56
1,1,165~1,1,165
2,0,125~8,0,125
0,2,119~0,2,128
9,4,216~9,6,216
0,0,64~8,0,64
0,9,122~9,9,122
8,4,224~8,9,224
0,5,85~2,5,85
2,1,170~2,1,170
2,2,11~5,2,11
6,4,81~6,6,81
2,0,290~7,0,290
2,9,113~2,9,113
0,9,47~0,9,47
1,4,89~1,7,89
3,7,240~7,7,240
0,5,113~7,5,113
2,6,32~4,6,32
4,6,100~7,6,100
3,5,121~3,5,121
8,3,38~8,4,38
4,3,41~5,3,41
2,5,99~7,5,99
3,4,269~5,4,269
0,0,220~0,2,220
1,2,143~4,2,143
0,7,112~7,7,112
0,6,267~1,6,267
1,9,53~9,9,53
4,0,61~4,0,61
1,6,84~2,6,84
4,3,197~4,3,197
2,8,19~6,8,19
4,9,124~6,9,124
4,4,22~4,6,22
4,0,208~4,5,208
4,2,268~7,2,268
3,7,188~5,7,188
1,9,101~7,9,101
3,2,250~3,2,250
4,1,46~9,1,46
2,3,136~8,3,136
4,7,163~8,7,163
7,2,270~7,8,270
2,1,102~5,1,102
2,3,4~3,3,4
0,0,140~3,0,140
0,0,11~8,0,11
8,2,8~8,3,8
4,2,99~9,2,99
3,5,136~6,5,136
0,0,231~2,0,231
0,9,244~2,9,244
