4,7,37~8,7,37
0,1,86~0,9,86
4,6,99~5,6,99
2,4,220~9,4,220
0,2,294~2,2,294
1,9,50~5,9,50
4,6,101~4,6,203
6,1,296~6,7,296
3,1,254~9,1,254
3,1,286~5,1,286
2,8,140~9,8,140
1,0,240~7,0,240
2,1,11~8,1,11
4,7,69~8,7,69
9,7,193~9,7,292
5,0,294~5,8,294
1,3,86~9,3,86
0,9,92~9,9,92
2,1,113~4,1,113
4,6,250~7,6,250
0,7,102~7,7,102
4,5,163~7,5,163
2,7,116~8,7,116
3,3,89~7,3,89
7,2,271~7,8,271
4,6,290~9,6,290
6,4,285~6,9,285
2,4,41~8,4,41
0,1,184~5,1,184
4,5,180~9,5,180
0,3,22~7,3,22
4,0,158~4,0,158
1,1,77~1,8,77
0,2,219~1,2,219
0,8,110~6,8,110
2,3,186~2,6,186
0,4,125~5,4,125
1,1,165~1,6,165
0,2,90~3,2,90
1,8,8~3,8,8
9,2,196~9,4,196
1,0,151~6,0,151
0,3,132~2,3,132
3,2,208~3,5,208
4,9,58~5,9,58
3,4,207~3,9,207
0,0,29~0,2,29
9,1,120~9,4,120
2,3,161~2,7,161
1,6,289~5,6,289
3,0,154~3,6,154
3,1,276~3,7,276
0,5,60~3,5,60
4,0,269~5,0,269
2,2,112~6,2,112
6,3,72~6,8,72
3,5,84~8,5,84
1,1,278~1,1,278
0,7,121~1,7,121
6,0,169~6,1,169
4,9,210~5,9,210
3,9,55~5,9,55
4,7,108~5,7,108
6,0,14~6,9,14
3,3,236~5,3,236
0,9,183~4,9,183
3,5,248~7,5,248
4,2,73~5,2,73
3,6,215~8,6,215
4,0,288~7,0,288
5,0,158~5,1,158
5,2,206~5,9,206
2,9,230~2,9,230
7,0,76~7,9,76
4,3,246~8,3,246
7,2,98~7,9,98
3,3,85~3,5,85
0,5,157~8,5,157
4,0,107~4,2,107
0,7,94~4,7,94
7,2,252~7,5,252
3,4,39~3,5,39
1,5,103~9,5,103
8,4,274~8,6,274
3,1,250~3,8,250
4,3,282~9,3,282
1,8,127~8,8,127
8,0,168~8,4,168
3,2,164~5,2,164
4,4,26~8,4,26
9,1,193~9,2,193
2,1,116~2,4,116
3,6,93~3,6,93
3,6,57~3,6,57
3,4,202~3,8,202
3,9,39~6,9,39
3,2,171~9,2,171
9,0,148~9,5,148
2,3,139~2,6,139
4,3,119~4,3,119
0,4,118~6,4,118
2,0,226~2,8,226
8,8,199~8,8,299
3,9,253~4,9,253
0,7,294~4,7,294
5,2,195~5,5,195
4,7,144~5,7,144
5,4,87~5,5,87
2,4,21~7,4,21
0,1,282~2,1,282
4,9,264~5,9,264
1,9,132~7,9,132
3,3,113~3,7,113
3,3,126~5,3,126
0,3,266~0,8,266
4,2,244~4,3,244
3,2,83~3,6,83
8,3,122~8,4,122
3,2,28~8,2,28
8,3,104~8,9,104
3,8,34~9,8,34
2,4,8~2,5,8
1,0,114~9,0,114
3,7,291~5,7,291
3,8,174~7,8,174
0,6,79~0,6,79
1,1,220~5,1,220
9,1,192~9,8,192
6,2,291~6,9,291
0,5,98~3,5,98
2,2,200~2,8,200
0,6,102~1,6,102
0,0,93~0,8,93
4,0,193~9,0,193
4,6,269~4,6,269
2,2,281~2,7,281
0,4,163~2,4,163
3,6,192~3,6,192
6,0,56~6,6,56
7,0,144~7,0,144
2,3,261~2,4,261
1,1,242~3,1,242
3,8,181~7,8,181
5,0,126~5,2,126
4,1,6~4,8,6
8,2,291~8,6,291
3,4,63~6,4,63
0,4,267~0,5,267
3,7,200~6,7,200
0,6,149~3,6,149
1,6,82~5,6,82
3,1,223~5,1,223
9,1,190~9,6,190
2,5,151~6,5,151
1,6,253~9,6,253
3,0,61~3,5,61
3,3,233~3,3,233
1,2,7~1,4,7
3,1,110~3,3,110
3,5,70~4,5,70
4,5,182~7,5,182
1,5,126~7,5,126
4,3,164~6,3,164
8,2,24~8,4,24
0,5,107~6,5,107
0,8,245~7,8,245
8,0,23~8,4,23
1,9,251~3,9,251
7,2,184~7,2,184
0,3,18~0,9,18
2,0,107~2,0,107
0,2,46~7,2,46
6,4,143~6,8,143
6,2,277~6,7,277
0,0,293~0,4,293
4,6,288~6,6,288
2,8,133~4,8,133
1,3,242~6,3,242
1,7,238~1,7,259
3,8,86~9,8,86
0,4,101~2,4,101
3,5,1~6,5,1
1,0,164~1,3,164
6,0,202~6,0,235
3,3,169~3,8,169
2,2,288~9,2,288
9,1,226~9,2,226
8,2,273~8,7,273
3,9,43~4,9,43
3,0,50~6,0,50
9,4,130~9,5,130
4,9,105~4,9,105
4,8,124~5,8,124
4,3,96~6,3,96
1,5,12~3,5,12
2,2,231~3,2,231
6,0,185~6,2,185
3,5,93~3,5,93
8,3,195~8,3,195
0,6,213~8,6,213
6,0,61~6,4,61
2,4,229~4,4,229
6,2,130~6,7,130
4,5,30~4,5,30
0,2,36~4,2,36
8,2,58~8,7,58
0,9,201~0,9,201
4,5,222~5,5,222
1,3,189~1,5,189
4,7,196~8,7,196
4,8,75~8,8,75
1,4,138~1,4,138
3,7,100~3,7,100
1,4,174~6,4,174
4,4,226~9,4,226
3,1,45~3,4,45
0,3,231~0,5,231
1,7,170~2,7,170
0,4,183~0,5,183
1,8,253~3,8,253
1,2,84~1,3,84
2,9,265~2,9,265
3,1,3~4,1,3
1,3,31~2,3,31
0,1,268~0,1,276
1,0,202~3,0,202
9,0,149~9,6,149
4,3,82~4,3,82
4,4,221~4,9,221
8,1,283~8,6,283
3,2,190~7,2,190
3,2,115~4,2,115
1,4,188~1,9,188
8,3,129~8,6,129
4,2,276~4,7,276
5,2,4~5,3,4
2,9,4~5,9,4
0,3,219~0,3,219
2,5,22~3,5,22
6,4,124~6,9,124
2,0,190~2,5,190
9,2,25~9,2,41
3,4,3~3,4,3
1,2,214~7,2,214
2,3,77~2,5,77
4,9,44~9,9,44
1,0,256~4,0,256
0,7,171~2,7,171
1,9,158~9,9,158
7,4,289~7,6,289
2,0,222~5,0,222
1,0,37~1,4,37
8,0,146~8,1,146
4,0,177~6,0,177
3,7,142~7,7,142
4,3,11~5,3,11
4,3,156~6,3,156
8,0,264~8,5,264
3,9,83~4,9,83
5,0,103~5,4,103
2,5,137~6,5,137
0,4,5~0,4,5
7,3,106~7,4,106
7,1,104~7,8,104
3,0,262~3,0,262
4,0,141~8,0,141
3,4,120~4,4,120
3,8,3~5,8,3
4,1,73~9,1,73
0,2,20~4,2,20
4,0,172~4,2,172
8,4,193~8,6,193
4,6,211~9,6,211
7,3,15~7,8,15
1,2,116~1,2,116
3,8,182~8,8,182
0,8,107~9,8,107
2,7,243~3,7,243
8,4,184~8,7,184
3,7,130~5,7,130
1,3,248~4,3,248
9,3,89~9,4,89
4,8,144~7,8,144
3,1,165~4,1,165
1,8,137~8,8,137
0,7,59~7,7,59
0,1,81~6,1,81
1,4,83~1,7,83
4,4,87~4,8,87
3,9,231~8,9,231
0,4,153~0,7,153
4,3,275~4,3,275
8,2,112~8,4,112
1,1,123~1,2,123
0,8,103~8,8,103
0,7,17~1,7,17
3,2,117~3,9,117
0,8,26~8,8,26
2,8,56~2,8,56
2,0,272~2,3,272
2,3,101~2,3,101
2,1,119~9,1,119
3,1,147~4,1,147
2,0,266~6,0,266
4,4,281~4,9,281
4,1,270~4,7,270
3,5,265~3,5,265
8,0,32~8,8,32
9,1,230~9,5,230
0,5,66~5,5,66
8,4,49~8,5,49
1,3,90~1,6,90
7,3,119~7,7,119
1,7,155~6,7,155
4,8,294~4,8,294
0,3,113~0,3,113
1,2,133~1,8,133
4,4,105~9,4,105
2,9,267~3,9,267
7,4,136~7,4,136
0,2,209~0,3,209
4,0,189~6,0,189
3,2,200~8,2,200
4,8,269~5,8,269
4,3,274~6,3,274
5,0,298~5,8,298
4,1,274~4,1,274
1,3,111~1,6,111
8,4,217~8,4,217
0,0,287~0,6,287
0,4,272~8,4,272
9,3,171~9,8,171
3,0,159~4,0,159
4,2,68~6,2,68
1,3,117~1,3,117
3,2,49~3,9,49
0,3,163~2,3,163
1,4,194~4,4,194
3,3,213~7,3,213
0,2,25~8,2,25
0,1,155~6,1,155
0,4,9~6,4,9
2,0,296~9,0,296
3,0,163~9,0,163
1,4,2~6,4,2
4,6,27~5,6,27
3,2,48~8,2,48
1,8,249~7,8,249
1,7,85~5,7,85
3,5,64~6,5,64
1,3,289~9,3,289
3,1,4~5,1,4
5,1,232~5,5,232
3,1,148~4,1,148
3,4,64~3,4,64
2,2,203~3,2,203
3,2,162~7,2,162
3,5,38~9,5,38
0,4,79~9,4,79
0,1,9~0,3,9
3,7,191~8,7,191
2,0,108~3,0,108
1,9,179~7,9,179
4,9,18~8,9,18
2,0,70~2,8,70
1,4,244~6,4,244
7,3,51~7,4,51
0,8,191~5,8,191
8,0,194~8,1,194
1,6,239~1,6,239
4,3,13~4,3,13
6,0,276~6,3,276
2,8,7~7,8,7
3,3,12~8,3,12
8,0,238~8,2,238
1,3,38~4,3,38
4,0,64~4,1,64
0,1,296~4,1,296
6,1,179~6,1,179
3,4,175~3,9,175
7,4,235~7,9,235
5,1,129~5,4,129
4,0,244~4,0,244
3,8,297~4,8,297
2,6,104~2,6,104
4,6,273~7,6,273
3,3,201~9,3,201
3,3,239~6,3,239
3,3,185~9,3,185
3,4,71~6,4,71
0,6,192~2,6,192
3,2,239~3,2,239
2,2,1~2,2,1
1,4,198~8,4,198
2,3,29~4,3,29
1,4,75~1,6,75
0,4,26~1,4,26
3,2,285~8,2,285
1,1,160~1,3,160
3,9,19~7,9,19
2,0,17~6,0,17
3,5,219~7,5,219
3,3,279~3,9,279
6,0,183~6,0,183
6,4,106~6,7,106
1,0,56~1,6,56
2,9,7~9,9,7
5,3,68~5,4,68
2,1,261~3,1,261
2,2,264~6,2,264
4,9,149~7,9,149
4,1,259~8,1,259
1,3,232~1,4,232
4,0,66~5,0,66
9,2,63~9,7,63
5,4,88~5,7,88
2,1,86~2,1,86
8,1,38~8,3,38
0,1,264~5,1,264
7,0,122~7,1,122
0,0,25~7,0,25
0,8,46~3,8,46
1,1,146~5,1,146
0,3,269~0,7,269
3,3,122~3,3,122
3,4,164~3,4,164
1,4,47~1,5,47
4,6,41~6,6,41
2,9,56~8,9,56
2,7,80~8,7,80
1,1,14~4,1,14
3,1,245~3,1,245
8,2,190~8,5,190
8,4,3~8,5,3
3,2,278~7,2,278
2,0,287~2,6,287
3,7,230~5,7,230
2,5,24~4,5,24
1,9,8~4,9,8
4,1,112~5,1,112
0,9,94~9,9,94
3,3,177~4,3,177
0,0,227~2,0,227
0,5,141~5,5,141
4,4,239~9,4,239
3,0,130~3,6,130
9,0,42~9,7,42
1,1,48~9,1,48
3,5,41~5,5,41
1,1,99~2,1,99
0,8,58~6,8,58
3,7,171~6,7,171
4,9,211~9,9,211
2,9,134~5,9,134
3,1,240~9,1,240
0,1,211~0,9,211
4,0,255~9,0,255
6,3,128~6,4,128
3,0,77~3,1,77
1,2,115~1,7,115
1,0,206~1,0,206
1,6,2~8,6,2
4,9,239~4,9,239
9,3,167~9,7,167
4,0,87~5,0,87
2,0,16~3,0,16
6,1,7~6,7,7
0,1,259~0,5,259
6,1,172~6,2,172
0,2,262~3,2,262
5,0,234~5,4,234
1,0,246~6,0,246
3,1,262~3,1,262
3,5,206~3,5,206
8,2,147~8,4,147
1,0,235~1,7,235
3,6,74~3,6,74
3,7,278~4,7,278
1,6,236~5,6,236
1,0,3~6,0,3
0,6,292~1,6,292
1,8,229~5,8,229
0,4,171~0,4,171
0,0,35~5,0,35
1,9,240~1,9,240
0,3,157~5,3,157
0,4,30~4,4,30
1,5,176~4,5,176
1,6,94~8,6,94
3,8,208~3,8,208
1,0,127~2,0,127
0,2,289~8,2,289
0,4,55~5,4,55
2,8,83~7,8,83
3,6,299~5,6,299
1,2,185~2,2,185
2,8,148~5,8,148
3,3,209~7,3,209
2,5,170~3,5,170
4,2,122~6,2,122
1,3,20~7,3,20
8,4,144~8,5,144
4,2,39~6,2,39
4,8,69~7,8,69
4,0,21~9,0,21
3,1,280~6,1,280
4,9,82~6,9,82
0,0,187~6,0,187
4,2,239~7,2,239
2,6,196~3,6,196
2,7,287~8,7,287
2,1,24~4,1,24
1,4,66~6,4,66
0,3,130~2,3,130
1,9,171~8,9,171
3,6,223~5,6,223
8,4,232~8,4,232
4,4,199~6,4,199
0,2,144~1,2,144
0,7,231~6,7,231
4,7,109~9,7,109
2,5,138~2,5,138
4,3,49~4,9,49
5,1,76~5,3,76
2,2,32~2,7,32
3,1,170~3,2,170
0,0,79~5,0,79
1,2,175~8,2,175
4,5,242~7,5,242
3,7,31~3,7,31
8,1,167~8,1,167
0,1,187~0,6,187
0,5,192~8,5,192
1,7,53~6,7,53
0,6,27~1,6,27
3,7,96~6,7,96
1,1,124~9,1,124
2,8,274~6,8,274
2,1,171~8,1,171
5,3,146~5,3,146
0,2,233~0,8,233
4,4,115~7,4,115
1,6,286~8,6,286
4,7,31~8,7,31
7,0,294~7,0,294
3,0,228~4,0,228
3,9,120~8,9,120
3,3,33~3,3,33
4,6,283~5,6,283
0,0,137~4,0,137
8,3,285~8,7,285
2,8,28~7,8,28
2,3,140~2,3,140
3,7,259~4,7,259
1,4,4~6,4,4
2,3,145~2,5,145
4,2,47~4,9,47
0,8,71~8,8,71
4,0,86~5,0,86
2,4,16~2,5,16
3,7,168~7,7,168
7,4,16~7,9,16
2,1,298~2,2,298
1,5,127~3,5,127
2,1,51~2,1,51
4,1,237~8,1,237
0,9,248~7,9,248
1,4,19~3,4,19
1,7,189~7,7,189
4,1,145~4,5,145
9,3,126~9,7,126
2,0,283~7,0,283
0,1,85~8,1,85
4,2,243~5,2,243
0,9,38~4,9,38
2,4,179~7,4,179
3,2,266~9,2,266
0,3,249~5,3,249
2,2,178~8,2,178
3,5,99~3,5,99
0,8,40~7,8,40
1,8,266~1,8,266
1,2,120~3,2,120
8,0,186~8,3,186
4,9,110~9,9,110
3,4,110~9,4,110
0,0,97~7,0,97
7,3,195~7,4,195
1,3,143~2,3,143
3,0,196~4,0,196
0,1,35~2,1,35
4,1,77~7,1,77
0,7,271~3,7,271
1,2,283~3,2,283
2,3,203~7,3,203
2,5,23~3,5,23
3,6,146~3,6,146
2,8,236~5,8,236
1,3,293~3,3,293
4,6,66~5,6,66
3,9,40~8,9,40
3,3,219~3,3,219
1,6,84~2,6,84
3,3,182~3,3,182
7,1,14~7,3,14
4,7,289~8,7,289
1,9,30~4,9,30
0,9,75~5,9,75
3,5,134~3,5,134
0,6,205~4,6,205
4,4,293~4,7,293
0,0,76~0,1,76
2,0,93~2,0,93
9,9,283~9,9,291
8,3,247~8,4,247
0,8,257~1,8,257
3,1,295~6,1,295
5,3,15~5,8,15
3,1,118~3,1,118
4,2,121~7,2,121
0,3,8~1,3,8
4,8,168~5,8,168
4,4,273~6,4,273
2,2,197~2,7,197
0,3,95~3,3,95
8,2,6~8,6,6
1,4,112~1,4,112
3,5,26~8,5,26
1,2,216~3,2,216
4,9,161~9,9,161
4,7,167~7,7,167
3,2,3~8,2,3
5,0,71~5,1,71
4,7,154~8,7,154
0,9,179~0,9,179
4,0,85~9,0,85
0,3,240~7,3,240
6,4,197~6,9,197
4,6,29~5,6,29
2,0,165~2,0,165
2,6,138~2,6,138
7,4,133~7,5,133
2,3,57~6,3,57
1,0,199~1,0,199
1,0,171~3,0,171
3,0,48~5,0,48
1,0,162~9,0,162
4,5,229~6,5,229
9,2,175~9,8,175
2,8,271~2,8,271
0,8,178~3,8,178
3,8,18~7,8,18
3,8,247~5,8,247
4,9,73~4,9,73
3,1,51~3,8,51
0,0,120~2,0,120
3,6,60~5,6,60
4,4,86~4,4,86
2,5,25~9,5,25
8,3,103~8,4,103
0,9,293~4,9,293
0,5,139~0,5,139
0,4,14~0,9,14
0,2,41~0,8,41
9,3,278~9,5,278
4,1,93~7,1,93
9,3,77~9,9,77
3,2,89~4,2,89
3,0,268~7,0,268
2,1,87~6,1,87
3,3,53~8,3,53
0,3,158~2,3,158
4,4,109~9,4,109
1,6,231~1,6,231
3,5,13~6,5,13
4,4,16~4,4,16
0,1,297~3,1,297
1,6,178~1,6,178
7,3,83~7,4,83
1,2,168~4,2,168
3,4,46~3,6,46
4,8,131~8,8,131
4,3,83~6,3,83
1,4,237~1,7,237
0,3,136~9,3,136
7,1,82~7,3,82
0,7,21~6,7,21
3,3,104~3,3,104
3,4,127~7,4,127
3,3,108~3,9,108
1,2,261~1,8,261
4,5,22~8,5,22
1,9,124~3,9,124
1,8,101~6,8,101
1,4,89~2,4,89
0,4,89~0,7,89
1,9,235~6,9,235
5,1,219~5,4,219
2,5,104~2,5,104
2,4,111~7,4,111
6,3,233~6,3,233
1,4,243~5,4,243
1,0,102~1,0,102
4,5,63~4,5,63
3,0,263~3,5,263
1,1,19~4,1,19
1,0,24~1,8,24
2,9,25~5,9,25
4,0,287~5,0,287
9,1,113~9,3,113
4,9,148~5,9,148
2,8,53~6,8,53
4,1,187~4,5,187
2,3,270~2,9,270
3,4,28~8,4,28
0,5,99~1,5,99
3,0,234~3,0,234
2,7,295~2,7,295
3,2,73~3,3,73
7,4,227~7,8,227
3,5,123~6,5,123
4,0,88~4,5,88
4,2,267~8,2,267
3,2,87~5,2,87
2,5,28~6,5,28
4,4,17~6,4,17
2,7,252~6,7,252
2,2,237~2,7,237
1,4,44~9,4,44
6,9,269~6,9,281
1,0,111~5,0,111
3,6,8~4,6,8
5,0,138~5,7,138
8,4,230~8,7,230
4,9,165~8,9,165
1,5,37~9,5,37
2,7,248~8,7,248
1,1,169~1,7,169
2,1,100~5,1,100
4,3,87~7,3,87
0,0,40~1,0,40
4,4,246~5,4,246
3,4,170~4,4,170
0,6,163~3,6,163
1,4,162~8,4,162
2,9,126~5,9,126
8,2,34~8,7,34
4,8,160~5,8,160
1,9,102~4,9,102
2,2,106~2,2,106
1,5,185~2,5,185
6,3,81~6,3,81
1,5,34~2,5,34
1,1,193~7,1,193
0,4,168~1,4,168
4,5,272~5,5,272
2,0,26~7,0,26
2,2,40~6,2,40
9,1,146~9,3,146
6,4,139~6,8,139
1,2,60~2,2,60
2,5,14~4,5,14
3,1,281~6,1,281
4,4,177~8,4,177
4,0,38~4,0,38
1,2,22~5,2,22
1,0,33~1,2,33
3,5,258~7,5,258
4,7,177~7,7,177
9,1,54~9,1,54
2,2,133~2,2,133
2,1,103~3,1,103
1,9,41~3,9,41
7,4,130~7,6,130
0,3,279~0,9,279
6,4,42~6,7,42
0,1,47~4,1,47
7,4,30~7,9,30
8,1,69~8,3,69
7,3,150~7,7,150
3,1,62~3,5,62
2,2,73~2,3,73
0,8,173~6,8,173
2,9,228~5,9,228
6,3,98~6,4,98
0,0,284~0,7,284
2,0,182~2,2,182
0,9,148~2,9,148
1,3,215~3,3,215
0,7,8~8,7,8
1,4,84~1,4,84
4,1,227~4,1,227
3,6,241~8,6,241
3,1,258~3,4,258
3,4,180~4,4,180
7,3,204~7,7,204
2,1,115~5,1,115
2,2,171~2,2,171
4,1,43~8,1,43
8,4,185~8,6,185
1,2,191~8,2,191
0,9,166~1,9,166
3,7,245~4,7,245
0,5,238~9,5,238
0,4,160~6,4,160
3,8,260~7,8,260
2,5,1~2,5,1
3,7,233~3,7,239
2,2,221~8,2,221
0,0,129~0,2,129
3,3,223~3,3,223
0,0,94~3,0,94
3,7,161~6,7,161
8,4,117~8,5,117
9,2,158~9,7,158
1,4,238~2,4,238
4,2,160~4,2,160
2,3,175~4,3,175
2,7,74~7,7,74
0,9,100~4,9,100
1,7,157~2,7,157
2,0,295~2,0,295
2,0,68~2,2,68
2,0,252~7,0,252
0,1,117~0,2,117
9,0,49~9,4,49
3,5,267~3,5,267
9,1,281~9,4,281
2,2,54~2,2,54
3,9,198~6,9,198
2,4,112~6,4,112
3,6,266~6,6,266
3,0,265~3,0,265
0,5,214~7,5,214
1,3,52~3,3,52
0,0,96~0,0,96
6,3,228~6,8,228
3,8,212~6,8,212
3,1,159~4,1,159
1,3,138~1,3,138
2,1,229~7,1,229
3,7,212~8,7,212
2,5,283~3,5,283
0,1,57~9,1,57
5,3,36~5,6,36
6,4,234~6,8,234
2,3,228~2,4,228
4,2,94~4,2,94
5,4,19~5,4,19
1,4,167~3,4,167
7,0,177~7,3,177
1,6,161~1,6,161
4,7,64~8,7,64
0,9,89~4,9,89
0,2,213~5,2,213
4,3,257~6,3,257
1,2,224~4,2,224
7,2,19~7,6,19
2,3,188~5,3,188
3,8,251~6,8,251
1,1,231~3,1,231
0,2,188~6,2,188
0,7,81~3,7,81
0,0,163~0,0,163
0,1,288~0,1,288
1,8,121~7,8,121
8,2,54~8,3,54
1,1,108~1,1,108
1,9,220~5,9,220
1,0,121~7,0,121
8,1,215~8,2,215
1,2,27~4,2,27
1,8,183~9,8,183
0,1,152~0,8,152
1,1,228~8,1,228
4,2,65~4,2,65
8,1,219~8,5,219
2,8,156~9,8,156
2,7,177~3,7,177
3,6,142~3,6,142
0,0,200~0,3,200
3,0,80~3,5,80
3,6,222~7,6,222
4,7,123~7,7,123
2,2,219~2,5,219
4,4,266~8,4,266
4,2,106~9,2,106
0,4,96~0,9,96
3,8,165~3,8,165
2,9,85~3,9,85
3,5,168~6,5,168
4,9,195~4,9,195
1,2,279~1,8,279
1,3,162~8,3,162
4,3,133~6,3,133
9,3,298~9,3,298
1,4,54~1,7,54
0,6,218~2,6,218
0,9,81~2,9,81
4,6,207~8,6,207
3,6,65~8,6,65
7,1,50~7,3,50
8,2,65~8,5,65
3,8,31~7,8,31
4,2,299~5,2,299
9,4,37~9,4,37
0,3,286~4,3,286
3,9,21~8,9,21
1,9,112~2,9,112
5,4,57~5,4,57
3,4,17~3,5,17
3,2,176~5,2,176
9,2,153~9,6,153
4,4,89~4,5,89
3,3,257~3,9,257
9,0,87~9,9,87
7,2,270~7,6,270
2,0,239~2,6,239
2,9,22~2,9,22
1,9,205~1,9,205
9,2,195~9,3,195
1,3,280~4,3,280
2,7,24~3,7,24
2,5,48~4,5,48
5,0,45~5,9,45
1,9,170~4,9,170
0,3,19~0,5,19
1,0,272~1,0,272
1,1,252~2,1,252
2,6,240~7,6,240
0,5,50~1,5,50
4,2,154~4,5,154
6,3,224~6,6,224
4,7,67~5,7,67
2,4,52~5,4,52
2,3,185~2,3,185
1,6,177~3,6,177
4,9,200~9,9,200
4,3,163~7,3,163
4,9,101~9,9,101
2,7,217~2,7,217
3,2,240~6,2,240
4,9,63~6,9,63
0,3,203~0,3,203
0,3,251~0,9,251
9,1,81~9,3,81
4,7,176~4,7,176
4,4,223~6,4,223
1,4,3~1,8,3
1,1,135~1,4,135
6,4,129~6,4,129
0,8,135~3,8,135
1,3,34~1,3,34
5,0,204~5,0,204
0,1,217~8,1,217
1,7,129~9,7,129
2,3,48~3,3,48
4,6,37~4,6,37
1,4,211~5,4,211
3,9,136~9,9,136
6,0,269~6,5,269
5,2,277~5,9,277
2,1,26~2,4,26
1,1,93~1,8,93
1,2,209~1,9,209
9,1,208~9,5,208
4,5,96~9,5,96
1,8,22~5,8,22
2,1,123~2,8,123
1,9,258~6,9,258
1,2,204~6,2,204
1,8,158~5,8,158
1,0,100~1,8,100
7,0,33~7,0,33
1,0,131~3,0,131
3,5,132~7,5,132
1,1,198~4,1,198
4,7,279~6,7,279
4,3,241~4,3,241
0,2,23~6,2,23
2,3,267~2,3,267
0,6,154~2,6,154
3,4,209~3,5,209
7,0,117~7,3,117
3,3,115~8,3,115
0,3,64~4,3,64
1,2,254~6,2,254
9,3,177~9,9,177
2,4,203~8,4,203
1,8,109~2,8,109
4,7,262~6,7,262
3,2,281~3,9,281
0,7,33~0,7,33
1,6,245~3,6,245
8,4,200~8,4,200
3,3,227~6,3,227
3,0,133~9,0,133
3,4,152~6,4,152
6,0,68~6,0,68
1,0,188~4,0,188
8,2,131~8,6,131
0,0,153~7,0,153
4,0,73~4,0,73
3,3,270~3,7,270
9,0,198~9,1,198
3,0,70~3,0,70
0,0,4~0,0,4
2,7,82~4,7,82
0,2,147~0,2,147
8,2,59~8,7,59
3,5,89~3,5,89
1,8,96~4,8,96
4,0,161~6,0,161
9,2,233~9,6,233
7,0,125~7,3,125
4,3,269~5,3,269
9,1,21~9,7,21
0,4,67~0,4,67
1,5,240~7,5,240
4,5,266~8,5,266
0,2,118~4,2,118
2,1,183~6,1,183
2,3,94~2,3,94
0,2,2~0,6,2
3,2,217~3,3,217
2,3,55~5,3,55
3,2,199~7,2,199
1,1,79~9,1,79
2,2,161~7,2,161
0,6,135~3,6,135
3,2,114~3,4,114
4,0,95~4,6,95
8,0,18~8,4,18
4,7,193~5,7,193
2,1,234~2,9,234
0,7,112~5,7,112
3,4,284~9,4,284
2,7,232~2,7,232
3,4,295~6,4,295
0,6,6~3,6,6
4,9,272~5,9,272
2,3,7~2,4,7
1,6,258~1,6,258
4,9,265~6,9,265
1,0,238~1,0,238
2,8,42~6,8,42
2,1,71~2,1,71
0,8,147~8,8,147
3,6,9~5,6,9
4,5,127~8,5,127
3,5,264~4,5,264
4,4,259~5,4,259
1,2,44~5,2,44
0,1,208~3,1,208
4,2,119~6,2,119
0,6,182~1,6,182
3,0,217~5,0,217
1,2,259~1,6,259
4,2,67~9,2,67
3,7,13~7,7,13
2,5,164~5,5,164
2,3,50~4,3,50
2,1,93~2,1,93
4,7,203~4,7,203
9,4,117~9,6,117
5,0,24~5,6,24
2,4,10~2,4,10
8,1,62~8,5,62
5,1,268~5,6,268
2,9,152~5,9,152
1,3,144~3,3,144
1,9,115~1,9,115
0,9,28~1,9,28
2,7,30~6,7,30
1,5,231~6,5,231
2,7,220~5,7,220
4,0,180~5,0,180
2,1,285~5,1,285
3,7,7~3,7,7
3,8,267~3,8,267
1,4,274~1,4,274
5,4,227~5,6,227
1,9,64~9,9,64
1,4,156~1,6,156
2,3,160~5,3,160
3,0,253~6,0,253
0,5,33~0,5,33
7,3,148~7,9,148
4,5,31~4,5,31
1,1,41~1,3,41
7,4,259~7,8,259
1,0,119~1,3,119
0,5,226~1,5,226
4,2,166~4,2,166
2,2,243~2,2,249
4,2,295~5,2,295
0,9,95~0,9,95
2,4,182~8,4,182
4,8,62~7,8,62
0,6,285~1,6,285
1,7,10~1,7,10
7,3,216~7,3,216
1,1,255~1,3,255
0,1,121~8,1,121
4,2,263~4,8,263
0,4,203~0,4,203
1,4,181~6,4,181
2,3,235~2,5,235
8,3,160~8,6,160
3,6,242~6,6,242
6,3,178~6,6,178
4,8,20~7,8,20
2,9,142~9,9,142
6,3,33~6,4,33
3,1,253~7,1,253
0,2,292~0,2,292
3,9,133~3,9,133
3,1,116~3,2,116
0,8,82~7,8,82
3,8,109~5,8,109
1,3,219~1,9,219
1,3,47~2,3,47
3,7,99~6,7,99
3,8,166~5,8,166
5,4,142~5,4,142
3,3,111~4,3,111
1,7,11~4,7,11
1,0,122~6,0,122
4,4,25~4,4,25
1,6,229~3,6,229
3,0,166~7,0,166
1,2,54~1,3,54
0,8,215~3,8,215
1,8,13~2,8,13
0,6,67~3,6,67
9,0,90~9,1,90
6,1,167~6,3,167
1,7,179~7,7,179
2,8,225~5,8,225
3,2,212~3,2,212
1,7,147~1,7,147
4,2,31~6,2,31
2,6,238~6,6,238
0,3,51~0,6,51
4,3,194~4,3,194
4,4,43~4,8,43
1,0,237~6,0,237
3,0,179~6,0,179
0,9,163~3,9,163
4,2,138~4,3,138
5,3,92~5,6,92
0,1,256~0,1,256
0,7,118~0,7,118
0,5,73~3,5,73
0,7,151~7,7,151
7,1,182~7,1,182
1,4,159~8,4,159
4,7,51~5,7,51
0,4,4~0,8,4
1,1,153~1,7,153
2,0,207~2,0,207
3,1,135~5,1,135
7,2,134~7,5,134
4,2,228~4,7,228
1,1,176~6,1,176
1,6,30~1,6,30
1,8,280~2,8,280
1,5,172~1,5,172
2,9,17~7,9,17
3,3,199~6,3,199
0,0,43~0,5,43
7,0,108~7,5,108
3,9,119~3,9,119
9,1,218~9,5,218
4,1,1~4,2,1
3,0,129~8,0,129
0,0,150~0,9,150
4,2,93~6,2,93
2,9,233~3,9,233
3,7,86~6,7,86
8,1,221~8,1,221
6,2,73~6,9,73
2,6,63~5,6,63
1,1,161~4,1,161
1,0,78~1,8,78
3,8,264~5,8,264
1,8,218~3,8,218
3,1,35~5,1,35
4,2,108~4,2,108
2,1,200~3,1,200
0,8,180~6,8,180
1,6,272~5,6,272
4,0,5~4,0,5
8,1,213~8,2,213
0,2,270~2,2,270
1,2,146~1,7,146
6,2,107~6,2,107
4,1,125~4,2,125
4,2,77~4,9,77
6,4,172~6,8,172
2,0,78~5,0,78
1,3,225~1,3,225
3,7,121~3,7,121
1,3,79~9,3,79
0,6,52~5,6,52
3,9,161~3,9,161
7,1,196~7,5,196
2,3,142~2,3,142
1,3,109~1,3,109
4,8,106~4,8,106
1,4,131~1,6,131
3,2,128~7,2,128
3,8,278~5,8,278
0,9,287~6,9,287
2,1,16~2,2,16
2,7,101~7,7,101
3,0,96~3,4,96
0,3,68~0,3,68
0,0,11~0,0,11
1,0,59~9,0,59
4,4,18~5,4,18
9,0,55~9,5,55
4,4,141~9,4,141
0,2,74~1,2,74
0,2,154~0,2,154
2,3,121~2,3,121
2,4,58~2,7,58
8,4,188~8,4,188
5,0,202~5,8,202
1,7,73~2,7,73
3,8,56~5,8,56
2,3,204~2,8,204
9,4,244~9,6,244
4,9,182~5,9,182
3,1,129~4,1,129
3,4,151~9,4,151
1,8,52~1,8,52
0,2,236~5,2,236
3,1,37~7,1,37
1,1,197~2,1,197
1,2,43~1,2,43
7,3,172~7,4,172
1,4,150~1,8,150
2,1,251~8,1,251
0,8,69~2,8,69
4,7,62~4,7,62
9,0,294~9,9,294
3,7,5~3,7,5
0,1,59~0,1,59
8,4,42~8,6,42
1,5,269~5,5,269
1,3,124~4,3,124
3,2,2~3,2,2
0,0,212~0,0,212
1,3,5~6,3,5
5,4,131~5,6,131
4,6,85~7,6,85
0,0,13~0,0,13
4,1,66~9,1,66
1,0,221~1,3,221
2,4,90~5,4,90
5,0,7~5,0,7
4,3,93~9,3,93
3,7,147~7,7,147
6,4,45~6,5,45
3,3,93~3,3,93
