0,2,113~5,2,113
6,4,86~6,7,86
3,6,238~4,6,238
9,4,119~9,9,119
2,0,103~2,5,103
2,6,29~8,6,29
0,7,59~9,7,59
2,4,283~5,4,283
1,4,191~6,4,191
1,1,164~1,2,164
4,9,167~4,9,206
0,0,243~0,1,243
4,7,296~8,7,296
1,8,134~7,8,134
3,7,136~7,7,136
8,3,75~8,8,75
4,3,233~4,3,233
2,1,150~2,1,150
4,0,64~6,0,64
4,0,260~5,0,260
3,9,147~6,9,147
3,7,86~4,7,86
4,9,258~6,9,258
9,0,35~9,1,35
7,6,127~7,6,151
4,2,23~4,5,23
2,7,107~5,7,107
1,7,38~3,7,38
2,7,242~2,7,242
3,4,292~8,4,292
4,0,278~9,0,278
7,2,90~7,7,90
2,1,64~3,1,64
4,2,86~6,2,86
2,0,66~2,0,66
8,1,5~8,2,5
5,0,255~5,0,255
3,5,73~4,5,73
3,7,128~7,7,128
2,0,188~2,0,188
2,1,44~2,4,44
0,8,155~0,8,155
6,1,53~6,7,53
4,1,298~7,1,298
0,2,126~5,2,126
1,2,29~9,2,29
4,5,7~4,5,7
1,7,157~8,7,157
4,1,66~6,1,66
6,2,72~6,8,72
0,3,71~0,3,252
9,2,44~9,3,44
1,0,83~8,0,83
3,0,271~6,0,271
4,8,275~4,8,275
5,3,134~5,4,134
0,2,76~0,2,76
1,4,193~8,4,193
0,6,82~8,6,82
3,6,205~8,6,205
5,1,152~5,1,287
0,0,41~0,5,41
1,4,260~7,4,260
2,0,98~2,9,98
0,8,169~1,8,169
3,8,173~4,8,173
0,7,151~3,7,151
1,2,203~1,3,203
4,5,103~6,5,103
5,4,215~5,5,215
7,2,298~7,7,298
3,6,92~6,6,92
8,2,198~8,9,198
0,7,51~7,7,51
6,4,165~6,6,165
1,7,277~2,7,277
1,5,136~1,5,245
2,0,93~2,4,93
1,4,112~4,4,112
2,6,297~4,6,297
6,2,48~6,5,48
3,9,103~8,9,103
1,2,277~9,2,277
9,0,297~9,0,297
4,2,187~8,2,187
1,3,256~3,3,256
0,8,299~8,8,299
2,0,281~2,0,281
1,4,66~5,4,66
9,0,51~9,5,51
1,7,48~5,7,48
0,4,105~0,8,105
2,0,77~2,5,77
5,3,167~5,7,167
9,2,232~9,6,232
3,9,55~3,9,55
0,0,136~0,1,136
2,7,154~4,7,154
1,3,209~1,4,209
4,2,152~7,2,152
4,3,141~9,3,141
2,1,110~6,1,110
8,4,53~8,7,53
0,6,159~9,6,159
0,8,235~0,8,235
2,0,135~9,0,135
4,6,60~8,6,60
3,6,31~5,6,31
3,5,107~4,5,107
6,3,261~6,6,261
9,9,17~9,9,114
2,3,194~7,3,194
8,1,2~8,9,2
0,0,171~9,0,171
5,2,163~5,7,163
1,8,262~5,8,262
1,7,2~1,7,2
1,2,137~8,2,137
2,7,229~9,7,229
3,3,80~3,3,80
5,3,30~5,9,30
6,1,290~6,8,290
6,4,150~6,6,150
1,9,254~8,9,254
3,6,196~3,6,198
5,2,249~5,7,249
8,8,156~8,8,173
4,5,206~4,5,206
2,6,230~6,6,230
4,3,245~7,3,245
2,4,129~7,4,129
2,2,224~2,8,224
6,2,220~6,7,220
5,3,222~5,3,222
2,2,34~2,2,34
7,0,203~7,1,203
4,3,205~9,3,205
5,0,218~5,0,241
4,2,41~4,6,41
1,3,103~1,8,103
0,9,92~7,9,92
2,6,6~5,6,6
2,7,244~4,7,244
2,6,245~7,6,245
8,2,224~8,7,224
1,6,68~9,6,68
3,2,139~8,2,139
5,3,183~5,5,183
5,0,44~5,8,44
3,0,107~3,3,107
2,3,40~2,6,40
0,7,257~1,7,257
3,8,57~3,8,57
4,4,77~4,6,77
1,6,292~2,6,292
4,6,162~8,6,162
1,5,76~3,5,76
9,2,116~9,2,116
9,2,202~9,8,202
2,0,11~9,0,11
9,0,162~9,6,162
7,3,183~7,7,183
4,2,214~4,9,214
4,4,49~5,4,49
2,4,76~9,4,76
3,4,33~3,8,33
1,8,161~2,8,161
4,4,198~4,7,198
7,3,63~7,4,63
4,2,81~4,8,81
3,2,203~5,2,203
0,2,43~0,8,43
3,3,118~3,4,118
2,0,45~7,0,45
0,0,102~5,0,102
3,4,266~3,6,266
1,3,6~1,4,6
2,8,148~9,8,148
0,8,291~9,8,291
2,5,159~4,5,159
2,6,264~9,6,264
3,3,17~8,3,17
3,0,24~3,3,24
1,4,131~8,4,131
1,4,136~9,4,136
2,2,26~2,5,26
8,1,10~8,6,10
3,8,220~5,8,220
7,2,116~7,3,116
0,4,88~0,4,88
1,0,192~2,0,192
1,3,218~3,3,218
7,2,223~7,4,223
6,1,147~6,7,147
8,1,52~8,1,175
0,1,7~4,1,7
1,8,154~1,8,154
4,0,5~5,0,5
0,2,165~9,2,165
1,0,73~1,0,73
3,4,145~3,8,145
3,0,122~3,5,122
5,2,15~5,4,15
1,5,255~6,5,255
6,3,9~6,4,9
4,0,56~4,1,56
4,9,245~6,9,245
1,0,249~6,0,249
1,8,36~8,8,36
0,9,207~0,9,208
4,2,25~6,2,25
0,4,20~0,5,20
2,5,201~8,5,201
1,3,253~8,3,253
4,4,231~4,9,231
4,4,180~7,4,180
0,6,63~9,6,63
0,4,212~0,4,212
3,0,192~5,0,192
0,4,153~5,4,153
3,6,176~9,6,176
0,4,257~0,6,257
2,0,160~3,0,160
4,7,108~8,7,108
1,6,80~3,6,80
2,5,44~2,5,44
5,4,119~5,6,119
2,9,19~4,9,19
2,4,35~2,4,35
3,0,194~3,2,194
1,2,191~2,2,191
0,0,6~0,9,6
0,7,83~9,7,83
3,7,58~4,7,58
1,2,37~1,3,37
2,3,262~8,3,262
2,4,168~2,9,168
4,4,3~4,9,3
7,4,104~7,7,104
5,2,71~5,3,71
5,1,1~5,5,1
2,3,49~3,3,49
2,8,243~9,8,243
2,8,201~2,8,201
1,8,282~1,8,282
2,9,128~5,9,128
2,5,151~5,5,151
9,2,176~9,5,176
3,1,37~8,1,37
4,2,240~4,2,240
3,2,262~9,2,262
2,1,106~2,8,106
3,8,10~6,8,10
7,2,232~7,8,232
3,5,79~9,5,79
0,4,73~0,4,73
3,9,110~3,9,110
2,2,27~8,2,27
1,0,75~8,0,75
3,1,170~3,2,170
2,8,136~3,8,136
4,9,111~4,9,111
4,5,155~4,5,155
1,3,18~1,5,18
2,4,83~4,4,83
4,2,168~5,2,168
4,7,37~6,7,37
3,3,98~7,3,98
1,0,8~4,0,8
0,8,90~9,8,90
4,7,134~7,7,134
4,8,217~6,8,217
1,5,127~3,5,127
1,9,11~6,9,11
1,6,118~8,6,118
3,1,297~5,1,297
9,1,211~9,9,211
1,0,37~6,0,37
2,5,108~7,5,108
4,5,283~7,5,283
9,2,233~9,4,233
1,0,242~1,0,242
8,2,60~8,2,60
2,3,155~2,3,155
4,7,262~4,7,262
4,9,252~4,9,252
0,8,23~9,8,23
4,3,71~4,3,71
7,3,128~7,4,128
3,8,188~6,8,188
0,5,89~2,5,89
3,0,71~3,2,71
3,8,11~8,8,11
0,9,130~1,9,130
3,0,191~4,0,191
4,8,87~9,8,87
4,4,84~4,7,84
3,2,241~3,9,241
0,0,236~0,2,236
5,4,51~5,4,51
2,3,25~2,9,25
4,6,20~5,6,20
2,0,295~2,1,295
4,8,190~9,8,190
2,2,144~8,2,144
4,4,208~6,4,208
0,1,4~8,1,4
5,3,227~5,7,227
3,4,116~3,4,116
3,1,111~3,1,111
2,0,222~2,8,222
2,2,120~2,2,120
1,0,89~6,0,89
2,5,175~6,5,175
4,8,244~5,8,244
1,0,38~1,4,38
3,7,141~7,7,141
9,1,279~9,6,279
9,4,65~9,7,65
5,4,26~5,5,26
8,1,287~8,1,292
2,4,6~2,4,6
0,0,144~8,0,144
4,3,210~8,3,210
6,0,101~6,8,101
9,1,257~9,1,257
3,9,226~9,9,226
9,2,167~9,7,167
3,9,283~6,9,283
4,2,13~4,7,13
6,1,254~6,2,254
3,5,235~4,5,235
0,9,186~0,9,186
2,2,207~4,2,207
1,4,274~9,4,274
2,0,109~2,0,109
3,6,239~9,6,239
1,3,249~1,7,249
2,9,222~5,9,222
1,3,188~8,3,188
9,4,110~9,6,110
3,4,144~9,4,144
3,2,104~3,2,104
3,4,71~3,4,71
1,6,14~6,6,14
0,4,162~1,4,162
9,3,42~9,5,42
3,8,236~3,8,236
9,8,255~9,8,275
7,0,297~7,0,297
7,4,208~7,7,208
3,6,250~4,6,250
3,4,70~5,4,70
2,0,140~8,0,140
1,6,50~6,6,50
1,4,111~3,4,111
4,1,281~4,9,281
9,3,118~9,4,118
2,9,146~3,9,146
1,4,95~2,4,95
2,1,146~4,1,146
1,3,280~1,7,280
1,1,102~3,1,102
0,5,274~4,5,274
2,9,134~7,9,134
1,6,263~9,6,263
4,3,230~9,3,230
8,1,231~8,5,231
4,6,272~8,6,272
7,4,33~7,4,33
6,4,142~6,5,142
8,6,281~8,6,291
1,5,72~3,5,72
1,7,124~8,7,124
1,7,261~1,7,261
2,8,103~3,8,103
1,1,85~1,1,85
2,0,116~6,0,116
5,1,107~5,2,107
0,4,8~0,6,8
1,7,286~2,7,286
0,2,60~7,2,60
1,9,9~4,9,9
0,2,273~1,2,273
2,1,168~4,1,168
4,9,78~5,9,78
8,3,237~8,4,237
2,9,261~5,9,261
3,1,77~4,1,77
7,4,163~7,7,163
4,4,259~7,4,259
2,4,154~3,4,154
2,5,271~4,5,271
2,8,215~2,8,215
7,0,88~7,6,88
2,0,162~2,6,162
1,4,37~1,9,37
6,3,254~6,8,254
1,2,292~1,5,292
1,3,109~2,3,109
2,3,263~9,3,263
6,1,83~6,5,83
4,2,7~4,2,7
2,7,205~6,7,205
2,3,59~2,3,59
2,1,227~2,5,227
0,7,281~3,7,281
1,2,243~1,2,243
2,2,17~2,5,17
1,0,224~1,1,224
4,1,35~8,1,35
9,3,38~9,3,38
3,8,280~6,8,280
5,3,58~5,9,58
8,4,135~8,9,135
1,7,53~1,7,53
5,3,169~5,9,169
2,2,87~2,6,87
3,4,109~4,4,109
0,4,10~0,5,10
3,2,106~3,2,106
4,4,211~4,4,211
1,9,72~8,9,72
2,1,2~2,2,2
0,7,73~6,7,73
6,0,111~6,4,111
0,4,223~0,5,223
4,0,152~4,0,152
0,7,179~1,7,179
1,2,138~6,2,138
2,8,204~4,8,204
0,3,260~0,3,260
8,3,114~8,5,114
2,0,69~2,9,69
3,6,94~3,6,94
2,7,82~4,7,82
0,4,19~4,4,19
2,4,196~2,6,196
2,0,280~5,0,280
3,3,197~3,5,197
0,5,93~9,5,93
3,7,32~3,7,32
2,9,255~6,9,255
4,1,260~4,1,260
1,1,276~2,1,276
3,2,128~7,2,128
4,4,57~4,5,57
2,4,73~6,4,73
9,3,20~9,4,20
4,2,140~4,6,140
0,4,84~3,4,84
1,3,193~6,3,193
2,4,126~2,7,126
4,5,9~6,5,9
7,4,284~7,9,284
3,2,94~9,2,94
2,6,256~7,6,256
0,0,40~8,0,40
1,6,240~4,6,240
6,0,114~6,6,114
3,6,42~3,6,42
4,5,260~9,5,260
3,6,248~6,6,248
0,4,114~0,9,114
1,1,180~1,1,180
4,2,155~5,2,155
6,4,222~6,8,222
3,4,16~4,4,16
1,0,131~1,0,131
3,3,18~8,3,18
8,2,189~8,2,189
4,5,215~4,5,215
3,4,268~6,4,268
3,2,69~3,6,69
0,7,76~8,7,76
9,3,164~9,9,164
2,7,251~7,7,251
9,3,292~9,4,292
2,0,60~7,0,60
8,1,191~8,5,191
3,8,54~9,8,54
9,2,35~9,6,35
1,8,213~2,8,213
3,3,236~3,6,236
4,9,227~9,9,227
6,0,39~6,3,39
0,5,60~5,5,60
4,0,230~4,0,230
2,8,100~6,8,100
1,5,73~2,5,73
4,1,24~4,2,24
0,5,51~6,5,51
8,0,31~8,0,31
2,9,115~8,9,115
3,4,95~3,7,95
1,3,269~1,5,269
9,1,91~9,4,91
2,8,163~5,8,163
0,5,59~0,5,59
0,9,165~9,9,165
3,2,278~7,2,278
1,7,195~4,7,195
5,3,81~5,7,81
2,5,47~4,5,47
3,8,146~3,8,146
2,5,278~3,5,278
2,4,58~2,9,58
2,0,128~6,0,128
0,6,65~4,6,65
1,8,171~5,8,171
2,5,251~7,5,251
0,2,145~6,2,145
7,2,2~7,2,2
2,0,237~4,0,237
5,0,127~5,2,127
7,3,1~7,3,1
4,1,19~6,1,19
1,1,24~1,1,24
3,1,86~3,1,86
4,3,181~8,3,181
0,2,192~3,2,192
3,2,89~3,2,89
6,2,22~6,7,22
4,8,155~7,8,155
0,3,32~7,3,32
3,9,33~8,9,33
9,2,121~9,2,121
4,1,178~4,5,178
3,9,107~3,9,107
1,9,75~2,9,75
4,2,61~7,2,61
1,9,265~7,9,265
0,8,153~6,8,153
1,2,13~1,2,13
4,0,149~9,0,149
0,2,51~0,4,51
7,3,115~7,3,115
2,0,236~2,9,236
3,9,153~9,9,153
2,2,15~2,3,15
6,1,102~6,8,102
4,1,52~4,4,52
0,1,72~6,1,72
8,4,270~8,8,270
1,7,156~4,7,156
3,2,50~9,2,50
5,2,197~5,6,197
5,3,287~5,3,287
9,1,291~9,1,291
6,1,286~6,2,286
4,3,186~4,3,186
4,8,164~7,8,164
4,4,164~5,4,164
0,2,153~9,2,153
4,2,75~4,2,75
3,4,126~3,4,126
0,9,123~9,9,123
1,6,192~9,6,192
1,0,57~9,0,57
1,6,226~6,6,226
0,6,62~9,6,62
6,2,81~6,8,81
9,0,126~9,2,126
4,2,274~9,2,274
3,8,288~8,8,288
0,9,251~0,9,251
3,3,244~3,6,244
0,7,190~1,7,190
0,3,292~0,6,292
9,1,30~9,6,30
3,3,3~9,3,3
0,2,275~3,2,275
2,5,147~4,5,147
7,3,127~7,4,127
3,3,127~3,3,127
3,2,199~3,2,199
0,4,284~4,4,284
4,5,250~9,5,250
2,1,20~5,1,20
7,0,249~7,6,249
1,4,36~1,7,36
1,8,127~3,8,127
2,7,239~8,7,239
3,3,267~3,3,294
8,0,237~8,0,237
3,4,130~8,4,130
4,0,227~4,0,227
9,1,102~9,8,102
6,0,51~6,1,51
9,2,56~9,6,56
0,9,216~0,9,222
9,4,299~9,9,299
0,3,272~0,5,272
2,9,225~3,9,225
1,2,255~3,2,255
1,7,158~1,7,158
3,3,59~4,3,59
3,1,120~3,1,120
7,0,188~7,0,188
3,2,11~3,5,11
9,4,291~9,6,291
3,0,251~5,0,251
2,8,78~3,8,78
2,1,49~4,1,49
1,6,51~4,6,51
2,2,186~2,6,186
4,8,215~8,8,215
0,9,270~6,9,270
1,1,184~1,3,184
4,3,89~8,3,89
3,7,174~3,7,174
9,4,96~9,8,96
3,2,189~3,2,189
0,4,178~0,4,178
1,4,52~1,9,52
3,6,294~5,6,294
1,3,268~1,9,268
1,7,275~6,7,275
2,8,205~7,8,205
0,4,158~1,4,158
2,3,18~2,9,18
3,3,110~6,3,110
4,2,97~5,2,97
1,2,99~7,2,99
3,9,90~8,9,90
4,6,172~5,6,172
3,5,273~8,5,273
2,8,74~5,8,74
8,2,285~8,2,285
5,2,28~5,8,28
9,2,74~9,3,74
6,1,287~6,5,287
3,4,80~5,4,80
1,6,252~5,6,252
3,9,285~5,9,285
4,8,140~5,8,140
0,9,49~2,9,49
7,4,217~7,5,217
3,9,12~6,9,12
0,3,38~0,9,38
4,2,289~4,2,289
2,0,158~5,0,158
4,3,57~7,3,57
8,4,248~8,4,248
2,0,298~3,0,298
0,8,64~4,8,64
4,5,8~7,5,8
4,6,144~5,6,144
1,3,287~2,3,287
6,1,75~6,3,75
6,2,56~6,7,56
5,2,225~5,3,225
0,9,291~7,9,291
1,3,168~4,3,168
0,0,173~4,0,173
1,2,234~8,2,234
2,4,144~2,5,144
2,4,187~4,4,187
4,1,30~4,6,30
3,0,225~4,0,225
3,3,129~3,3,129
1,8,59~8,8,59
3,0,204~3,0,204
7,2,66~7,6,66
4,7,230~9,7,230
3,2,297~9,2,297
0,0,181~5,0,181
9,0,281~9,8,281
4,2,96~4,4,96
4,7,43~4,7,43
2,3,5~2,5,5
0,0,62~7,0,62
0,8,143~3,8,143
3,8,84~6,8,84
2,2,156~7,2,156
1,7,235~1,7,235
1,4,207~1,4,207
3,1,68~7,1,68
7,4,98~7,8,98
0,4,183~0,4,183
1,0,76~1,0,76
0,5,116~0,5,116
9,1,9~9,8,9
5,4,27~5,5,27
1,7,12~9,7,12
1,3,53~1,6,53
4,9,58~4,9,58
8,3,8~8,5,8
4,2,154~7,2,154
4,0,16~6,0,16
3,6,17~5,6,17
0,4,145~0,8,145
1,4,3~1,9,3
0,0,46~5,0,46
6,3,154~6,9,154
2,8,132~7,8,132
1,2,125~5,2,125
2,5,281~3,5,281
4,7,295~4,7,295
3,1,10~3,1,10
4,3,291~4,6,291
1,2,134~1,2,134
2,5,74~5,5,74
3,7,285~8,7,285
0,0,100~0,1,100
4,0,27~9,0,27
1,0,115~7,0,115
4,8,105~9,8,105
1,2,230~4,2,230
0,4,185~0,4,185
0,1,212~0,1,212
0,2,132~5,2,132
1,5,39~3,5,39
4,4,289~6,4,289
3,5,152~4,5,152
2,4,4~5,4,4
2,2,14~8,2,14
3,7,91~5,7,91
1,1,14~1,3,14
9,3,221~9,3,221
8,3,200~8,9,200
2,1,154~2,1,154
0,2,87~0,2,87
7,0,48~7,0,48
3,4,59~5,4,59
5,0,133~5,2,133
1,3,79~1,7,79
1,5,99~3,5,99
2,2,268~2,6,268
4,9,133~7,9,133
1,9,251~6,9,251
1,6,27~5,6,27
1,1,40~5,1,40
4,3,217~4,3,217
2,2,70~5,2,70
3,9,264~7,9,264
6,0,238~6,7,238
2,3,19~9,3,19
1,5,113~2,5,113
0,2,297~0,8,297
3,7,256~8,7,256
3,4,113~3,6,113
2,0,130~2,3,130
3,4,18~4,4,18
0,5,99~0,5,99
4,3,280~4,3,280
2,8,209~5,8,209
1,9,151~3,9,151
0,0,130~1,0,130
1,8,147~8,8,147
1,0,86~1,0,86
6,4,203~6,8,203
1,8,42~2,8,42
2,2,294~2,2,294
2,2,136~8,2,136
1,2,95~6,2,95
4,9,215~9,9,215
7,3,9~7,5,9
3,2,247~3,2,247
3,1,54~5,1,54
2,3,204~2,3,204
3,3,6~3,5,6
1,0,7~2,0,7
3,2,77~6,2,77
0,7,44~2,7,44
3,3,146~6,3,146
0,4,179~0,5,179
4,6,225~8,6,225
2,6,153~5,6,153
4,4,229~9,4,229
4,2,222~4,8,222
2,8,70~6,8,70
9,4,228~9,5,228
5,3,88~5,5,88
2,3,158~7,3,158
5,4,252~5,5,252
4,0,223~4,1,223
7,4,231~7,7,231
6,0,285~6,4,285
4,8,276~9,8,276
3,5,15~8,5,15
3,0,15~5,0,15
4,2,32~6,2,32
0,6,56~4,6,56
4,3,171~5,3,171
3,0,215~4,0,215
9,0,276~9,5,276
3,9,259~8,9,259
2,7,35~3,7,35
4,6,158~6,6,158
0,6,207~0,6,207
4,1,125~4,1,125
4,7,52~8,7,52
0,6,83~7,6,83
0,1,253~0,3,253
1,3,276~1,3,276
9,4,10~9,8,10
3,0,169~7,0,169
2,9,34~7,9,34
4,2,299~4,4,299
1,8,225~5,8,225
0,8,2~2,8,2
6,1,169~6,1,169
4,3,272~7,3,272
0,5,1~1,5,1
0,4,74~0,5,74
2,2,90~2,3,90
1,7,29~8,7,29
3,9,219~9,9,219
9,2,258~9,4,258
4,8,112~8,8,112
4,8,77~8,8,77
0,7,188~1,7,188
2,5,20~9,5,20
1,9,240~1,9,240
3,5,176~8,5,176
0,5,261~4,5,261
4,5,185~7,5,185
4,4,47~7,4,47
2,0,167~6,0,167
2,6,190~8,6,190
1,4,298~1,6,298
3,2,169~3,9,169
3,0,177~6,0,177
4,4,97~5,4,97
4,3,14~4,3,14
4,0,66~9,0,66
2,2,244~6,2,244
1,7,109~8,7,109
2,4,159~4,4,159
0,4,221~4,4,221
3,8,181~7,8,181
2,6,276~2,6,291
4,3,206~7,3,206
1,4,183~4,4,183
1,1,95~5,1,95
1,0,159~1,3,159
0,7,121~2,7,121
3,8,31~9,8,31
4,3,42~4,7,42
1,4,135~1,7,135
1,5,83~4,5,83
1,4,212~6,4,212
0,2,171~2,2,171
7,1,189~7,7,189
6,0,120~6,1,120
0,6,195~7,6,195
7,1,106~7,6,106
0,4,166~0,4,166
3,9,216~4,9,216
4,7,24~8,7,24
5,4,223~5,7,223
1,8,95~5,8,95
4,0,111~4,5,111
7,3,226~7,6,226
2,1,184~4,1,184
3,5,88~4,5,88
4,0,53~5,0,53
2,6,28~4,6,28
4,9,80~8,9,80
0,0,274~1,0,274
2,2,272~5,2,272
3,1,22~4,1,22
4,6,8~5,6,8
1,0,70~5,0,70
0,6,85~8,6,85
1,8,47~7,8,47
4,8,9~8,8,9
2,6,67~6,6,67
4,1,200~4,2,200
3,6,126~5,6,126
0,9,279~9,9,279
4,7,164~4,7,164
0,0,9~0,4,9
3,1,100~5,1,100
8,2,128~8,6,128
4,9,284~4,9,284
3,2,26~3,7,26
0,8,295~0,8,295
0,8,63~6,8,63
3,7,299~5,7,299
3,8,162~6,8,162
0,2,46~0,6,46
4,4,209~4,4,209
3,9,2~6,9,2
4,4,241~4,6,241
1,9,158~8,9,158
3,6,268~6,6,268
3,7,123~7,7,123
5,2,202~5,2,202
4,6,183~4,6,183
2,9,109~5,9,109
4,3,102~5,3,102
1,0,174~4,0,174
4,9,263~8,9,263
1,4,55~1,9,55
2,2,54~4,2,54
7,0,294~7,3,294
1,1,141~3,1,141
3,8,286~7,8,286
0,6,194~4,6,194
3,6,22~4,6,22
1,2,193~9,2,193
4,6,128~6,6,128
7,4,22~7,4,22
3,3,28~3,3,28
1,5,246~7,5,246
7,0,81~7,5,81
4,7,176~4,7,176
2,8,184~3,8,184
2,1,89~4,1,89
1,1,292~5,1,292
1,4,195~1,4,195
4,6,160~6,6,160
0,7,218~2,7,218
0,4,192~8,4,192
6,3,197~6,5,197
8,2,154~8,3,154
3,9,95~8,9,95
2,0,118~2,0,118
1,9,239~5,9,239
1,1,79~1,1,79
0,0,295~0,0,295
0,6,284~1,6,284
4,2,224~4,2,224
1,2,257~5,2,257
1,2,98~1,9,98
5,3,99~5,6,99
8,2,80~8,6,80
3,4,65~3,5,65
1,2,59~3,2,59
3,0,147~3,0,147
1,0,190~5,0,190
6,3,171~6,9,171
1,7,273~3,7,273
4,2,293~9,2,293
4,7,286~7,7,286
2,0,31~2,0,31
5,3,276~5,7,276
3,1,41~6,1,41
1,9,266~3,9,266
2,9,100~7,9,100
5,4,101~5,6,101
1,3,255~3,3,255
8,0,201~8,0,219
0,0,25~4,0,25
5,4,13~5,9,13
3,2,177~7,2,177
0,2,68~0,4,68
1,4,218~1,4,218
3,8,232~5,8,232
4,9,247~6,9,247
3,7,8~9,7,8
2,8,193~7,8,193
1,6,109~3,6,109
1,3,7~1,3,7
2,2,64~3,2,64
2,2,204~6,2,204
0,9,209~6,9,209
1,1,250~3,1,250
9,1,54~9,4,54
2,0,284~8,0,284
9,0,68~9,4,68
4,7,226~7,7,226
4,0,95~9,0,95
1,7,162~3,7,162
1,0,229~4,0,229
3,4,182~7,4,182
4,8,137~6,8,137
8,4,259~8,5,259
0,7,1~0,7,1
3,7,7~8,7,7
2,8,182~6,8,182
3,9,89~8,9,89
3,3,44~3,8,44
2,3,226~5,3,226
3,6,48~7,6,48
4,3,213~4,4,213
8,4,32~8,5,32
3,1,268~3,1,268
2,4,114~2,6,114
2,5,24~3,5,24
2,0,52~2,8,52
2,7,164~2,7,164
3,3,170~7,3,170
3,0,195~6,0,195
0,8,269~7,8,269
0,1,275~0,1,275
1,7,65~3,7,65
2,2,172~6,2,172
3,4,21~8,4,21
1,1,257~3,1,257
4,3,121~4,6,121
3,8,161~3,8,161
2,7,152~2,7,152
2,2,189~2,6,189
4,2,112~4,2,112
4,7,190~5,7,190
4,9,36~6,9,36
3,5,5~3,5,5
9,2,61~9,8,61
0,2,276~8,2,276
0,8,162~1,8,162
0,0,204~1,0,204
4,5,115~7,5,115
2,3,145~9,3,145
1,3,226~1,3,226
0,2,50~2,2,50
3,2,146~6,2,146
1,3,259~7,3,259
1,6,234~6,6,234
3,6,175~6,6,175
1,7,263~7,7,263
8,2,279~8,4,279
1,3,279~2,3,279
2,4,11~2,4,11
1,3,54~1,3,54
3,2,65~6,2,65
3,9,242~4,9,242
2,0,119~2,4,119
3,1,113~5,1,113
0,0,209~5,0,209
1,4,86~1,6,86
8,1,295~8,1,297
3,8,69~5,8,69
1,7,239~1,7,239
0,0,39~1,0,39
2,2,219~3,2,219
4,6,157~7,6,157
9,4,72~9,7,72
1,9,150~2,9,150
3,7,93~5,7,93
9,2,125~9,8,125
2,1,202~2,8,202
2,0,187~4,0,187
3,7,259~9,7,259
7,0,291~7,3,291
6,0,218~6,2,218
2,5,209~4,5,209
3,2,74~8,2,74
0,6,221~0,6,221
1,3,105~3,3,105
3,0,73~8,0,73
2,4,71~2,7,71
3,7,172~6,7,172
8,4,36~8,6,36
1,4,74~2,4,74
7,4,58~7,4,58
4,1,247~4,4,247
1,0,119~1,0,119
1,9,120~9,9,120
0,4,219~3,4,219
9,3,197~9,8,197
5,2,240~5,9,240
7,1,32~7,2,32
2,4,160~2,5,160
0,6,64~0,6,64
0,7,72~0,7,72
1,0,244~1,3,244
1,1,104~1,1,104
2,0,184~8,0,184
3,6,2~4,6,2
7,2,25~7,4,25
2,2,210~3,2,210
4,2,91~7,2,91
2,0,44~2,0,44
2,4,109~2,4,109
3,7,41~5,7,41
0,9,136~3,9,136
4,4,95~4,4,95
3,1,65~6,1,65
2,1,82~2,3,82
4,7,137~6,7,137
2,4,243~8,4,243
4,9,82~5,9,82
3,4,233~3,7,233
2,1,181~2,5,181
7,1,26~7,4,26
3,7,142~7,7,142
0,3,281~2,3,281
3,5,248~5,5,248
9,0,163~9,9,163
1,6,173~4,6,173
1,0,297~3,0,297
1,3,55~9,3,55
2,0,279~7,0,279
0,8,4~9,8,4
7,0,285~7,5,285
2,6,273~3,6,273
1,9,116~2,9,116
6,2,107~6,4,107
2,4,281~2,4,281
1,8,9~3,8,9
1,1,263~1,1,269
4,0,72~8,0,72
0,9,129~1,9,129
0,3,293~0,9,293
2,1,80~5,1,80
5,4,94~5,7,94
2,8,116~6,8,116
0,4,148~8,4,148
0,6,77~1,6,77
8,0,280~8,0,280
9,4,248~9,6,248
4,3,207~9,3,207
3,2,115~3,2,115
2,4,140~2,4,140
0,1,256~3,1,256
9,3,23~9,5,23
2,5,220~2,5,220
3,5,134~9,5,134
3,3,115~3,3,115
5,4,245~5,5,245
1,3,39~1,4,39
1,3,173~6,3,173
1,9,286~3,9,286
4,2,265~4,2,265
3,8,287~7,8,287
2,8,1~7,8,1
3,1,99~4,1,99
2,4,277~2,4,277
4,2,9~4,3,9
4,4,110~4,7,110
8,4,277~8,9,277
4,2,237~5,2,237
2,3,37~2,8,37
0,4,107~0,4,107
8,8,218~8,8,238
8,2,174~8,6,174
2,1,23~8,1,23
7,0,134~7,0,134
3,4,14~4,4,14
0,2,121~3,2,121
6,0,122~6,7,122
1,1,108~1,1,108
0,8,229~2,8,229
9,0,204~9,2,204
1,9,13~3,9,13
2,1,128~4,1,128
0,8,91~2,8,91
1,5,96~6,5,96
4,2,248~7,2,248
0,9,64~2,9,64
5,3,122~5,5,122
3,3,88~3,3,88
3,2,163~4,2,163
3,0,119~3,5,119
2,6,70~7,6,70
1,4,259~2,4,259
1,1,230~3,1,230
1,9,290~3,9,290
4,0,28~4,5,28
3,0,293~3,0,293
6,1,52~6,5,52
0,7,212~2,7,212
3,9,108~8,9,108
3,1,124~6,1,124
1,7,269~5,7,269
3,4,123~3,4,123
0,3,16~9,3,16
2,5,43~8,5,43
4,3,143~4,3,143
0,1,295~0,7,295
1,8,216~1,8,216
4,1,8~8,1,8
1,3,112~5,3,112
8,4,95~8,6,95
0,6,119~3,6,119
6,2,241~6,3,241
1,0,128~1,2,128
4,4,220~4,7,220
4,8,279~7,8,279
2,3,13~2,4,13
0,2,142~6,2,142
4,7,22~4,7,22
3,6,179~4,6,179
3,7,37~3,7,37
1,7,258~8,7,258
0,2,263~0,2,263
8,1,248~8,1,248
0,6,93~6,6,93
1,7,150~7,7,150
0,6,188~4,6,188
1,2,190~2,2,190
4,8,117~7,8,117
3,1,223~3,5,223
5,3,140~5,7,140
0,5,109~7,5,109
2,5,179~3,5,179
1,1,15~6,1,15
1,6,91~8,6,91
5,0,84~5,0,84
8,9,289~8,9,296
3,2,251~3,2,251
2,3,187~2,3,187
0,9,143~9,9,143
4,3,87~8,3,87
4,4,186~4,8,186
6,4,145~6,7,145
6,0,280~6,0,280
6,3,231~6,7,231
9,4,273~9,5,273
4,8,216~9,8,216
9,3,256~9,6,256
1,1,273~4,1,273
1,9,17~8,9,17
4,3,221~8,3,221
6,3,295~6,6,295
4,6,200~7,6,200
4,1,109~4,1,109
5,4,211~5,7,211
4,6,69~4,6,69
2,7,85~4,7,85
0,6,148~6,6,148
6,2,44~6,4,44
1,2,1~3,2,1
4,8,270~7,8,270
5,3,62~5,3,62
3,1,98~7,1,98
3,2,30~3,7,30
3,7,69~6,7,69
0,5,50~6,5,50
4,0,71~7,0,71
4,6,187~4,6,187
1,7,34~7,7,34
2,8,223~3,8,223
1,0,205~1,3,205
8,2,23~8,6,23
0,5,80~5,5,80
6,2,186~6,8,186
3,9,150~3,9,150
1,2,93~1,2,93
0,9,256~7,9,256
2,7,175~8,7,175
3,9,8~6,9,8
4,3,51~8,3,51
7,2,34~7,4,34
6,3,36~6,5,36
6,1,166~6,9,166
9,1,43~9,4,43
3,8,124~8,8,124
5,3,286~5,6,286
3,1,251~3,1,251
0,4,70~0,5,70
9,3,242~9,5,242
3,1,161~4,1,161
4,4,155~7,4,155
4,6,99~4,6,99
5,3,241~5,5,241
1,1,86~1,1,86
9,0,52~9,2,52
