2,9,36~4,9,36
0,1,136~5,1,136
1,6,241~1,6,241
3,9,50~7,9,50
5,3,191~5,5,191
4,4,274~8,4,274
0,5,268~8,5,268
1,0,139~6,0,139
3,7,201~8,7,201
4,1,20~4,1,20
0,8,274~7,8,274
4,6,294~6,6,294
2,8,225~4,8,225
2,8,129~6,8,129
4,4,226~6,4,226
2,8,171~2,8,171
2,6,198~6,6,198
1,8,247~5,8,247
8,2,33~8,4,33
0,0,32~0,0,32
6,2,172~6,9,172
4,5,164~5,5,164
4,8,277~5,8,277
2,7,276~2,7,276
7,0,235~7,7,235
3,8,234~7,8,234
6,0,92~6,5,92
4,1,236~8,1,236
6,0,79~6,7,79
5,4,72~5,4,72
0,7,106~3,7,106
3,0,197~6,0,197
9,2,276~9,3,276
0,5,240~6,5,240
0,2,283~7,2,283
1,2,296~8,2,296
1,4,275~1,8,275
0,3,32~8,3,32
4,4,29~4,5,29
8,1,215~8,2,215
3,3,114~3,3,114
2,0,140~9,0,140
3,7,228~3,7,228
3,0,260~9,0,260
7,1,60~7,9,60
1,2,132~1,8,132
0,4,82~0,8,82
1,4,210~7,4,210
3,8,102~4,8,102
9,2,56~9,7,56
2,3,55~2,6,55
3,2,24~3,2,24
3,3,13~3,7,13
3,6,159~6,6,159
0,1,89~3,1,89
0,4,113~0,4,113
5,3,135~5,3,135
3,8,178~5,8,178
1,4,43~1,7,43
4,7,4~6,7,4
0,0,198~5,0,198
4,7,69~6,7,69
1,2,83~4,2,83
3,6,234~5,6,234
3,8,142~7,8,142
4,3,158~6,3,158
9,1,213~9,9,213
3,2,270~3,4,270
9,3,203~9,7,203
4,5,78~6,5,78
0,4,20~5,4,20
3,4,292~6,4,292
3,9,99~3,9,99
2,0,243~6,0,243
2,0,264~2,4,264
3,3,29~6,3,29
1,8,118~2,8,118
3,4,254~5,4,254
3,6,195~6,6,195
1,6,178~1,6,178
7,1,98~7,2,98
4,9,34~9,9,34
1,5,98~8,5,98
1,0,268~2,0,268
1,3,208~2,3,208
2,0,221~3,0,221
0,1,150~1,1,150
4,6,25~9,6,25
3,8,109~6,8,109
0,7,87~0,7,87
3,4,85~8,4,85
3,7,195~4,7,195
0,5,137~1,5,137
0,1,47~0,1,47
3,0,21~7,0,21
3,5,26~7,5,26
4,7,247~4,7,247
3,0,87~8,0,87
5,0,6~5,0,6
2,3,136~3,3,136
2,2,260~2,7,260
3,2,127~6,2,127
5,1,157~5,4,157
2,3,177~4,3,177
0,4,201~1,4,201
2,1,92~3,1,92
6,1,5~6,6,5
3,7,287~4,7,287
1,3,222~3,3,222
6,2,179~6,5,179
2,5,210~5,5,210
2,5,83~6,5,83
2,4,82~2,4,82
3,2,233~6,2,233
4,3,77~6,3,77
8,2,115~8,9,115
1,3,224~2,3,224
1,1,34~1,2,34
3,8,179~7,8,179
4,6,87~9,6,87
3,2,280~8,2,280
0,4,13~0,5,13
2,2,80~4,2,80
0,3,49~4,3,49
1,4,225~7,4,225
0,9,299~8,9,299
2,0,256~3,0,256
3,0,40~9,0,40
1,7,121~7,7,121
0,9,263~1,9,263
4,7,116~7,7,116
4,6,97~5,6,97
1,6,82~2,6,82
7,3,260~7,8,260
0,1,253~4,1,253
4,2,136~9,2,136
3,4,143~4,4,143
5,1,163~5,6,163
2,1,4~5,1,4
2,5,128~6,5,128
2,2,157~2,6,157
0,5,191~0,5,191
1,0,257~8,0,257
1,3,68~6,3,68
1,8,30~9,8,30
0,9,174~5,9,174
0,6,225~7,6,225
6,1,113~6,6,113
3,8,69~5,8,69
1,6,253~7,6,253
2,0,177~2,0,177
4,3,163~4,3,163
3,3,198~3,3,198
3,4,99~3,4,99
0,1,3~0,7,3
4,5,56~7,5,56
3,3,85~3,3,85
1,3,214~1,3,214
7,2,24~7,8,24
0,9,218~2,9,218
0,1,235~5,1,235
0,0,254~3,0,254
9,1,1~9,9,1
2,8,38~7,8,38
2,1,46~2,7,46
4,5,124~7,5,124
0,5,4~7,5,4
3,5,144~3,5,144
1,9,108~4,9,108
2,6,122~3,6,122
4,7,96~4,7,96
0,3,159~0,9,159
3,6,281~8,6,281
2,1,113~2,5,113
0,0,107~0,9,107
3,5,198~5,5,198
7,2,153~7,3,153
3,0,41~5,0,41
4,6,78~6,6,78
2,6,237~5,6,237
1,7,77~9,7,77
0,3,243~0,5,243
7,4,149~7,6,149
1,4,221~1,7,221
4,0,282~7,0,282
9,1,189~9,6,189
3,0,144~5,0,144
2,6,67~3,6,67
4,4,148~8,4,148
4,0,122~7,0,122
1,2,294~1,7,294
0,7,141~3,7,141
9,1,259~9,3,259
3,7,262~6,7,262
4,8,191~8,8,191
3,3,298~3,3,298
3,5,6~6,5,6
3,4,281~9,4,281
3,0,107~5,0,107
0,1,209~4,1,209
0,4,152~0,4,152
6,2,261~6,2,261
2,7,51~8,7,51
2,3,54~2,5,54
3,4,19~8,4,19
0,6,208~7,6,208
0,2,139~4,2,139
4,5,251~8,5,251
0,5,16~4,5,16
4,4,184~4,9,184
2,3,167~2,5,167
5,0,228~5,6,228
1,7,110~8,7,110
5,2,242~5,8,242
3,8,214~3,8,214
5,1,195~5,2,195
0,9,42~7,9,42
8,1,128~8,7,128
6,4,135~6,6,135
5,7,236~5,7,238
6,4,156~6,5,156
5,1,165~5,8,165
5,3,224~5,7,224
1,9,13~7,9,13
4,8,262~9,8,262
1,2,229~2,2,229
1,5,40~3,5,40
2,0,299~2,5,299
1,2,202~1,8,202
2,6,16~4,6,16
6,0,256~6,4,256
1,4,77~1,5,77
1,8,155~2,8,155
2,8,145~5,8,145
2,5,286~9,5,286
2,0,222~5,0,222
2,3,139~2,5,139
2,7,168~5,7,168
5,0,138~5,7,138
8,1,138~8,1,138
1,7,21~1,7,21
4,0,92~4,3,92
6,0,267~6,8,267
1,6,179~3,6,179
0,5,244~1,5,244
2,4,75~2,5,75
8,4,40~8,5,40
4,3,282~4,6,282
1,5,34~5,5,34
3,8,34~7,8,34
7,3,270~7,3,281
2,9,209~6,9,209
5,0,86~5,4,86
1,0,26~1,0,26
3,2,95~3,2,95
9,2,183~9,4,183
4,3,181~4,3,181
4,0,264~7,0,264
3,0,55~3,0,55
2,2,85~2,2,85
5,2,285~5,4,285
4,9,191~5,9,191
7,0,149~7,0,190
4,2,39~4,9,39
2,2,212~3,2,212
6,4,283~6,5,283
9,8,281~9,8,287
3,6,14~9,6,14
4,9,24~5,9,24
3,0,224~9,0,224
2,5,293~3,5,293
3,9,264~7,9,264
0,9,285~0,9,285
1,6,173~5,6,173
5,1,111~5,5,111
1,6,150~9,6,150
4,2,48~6,2,48
8,0,250~8,0,250
7,4,115~7,9,115
2,4,109~2,7,109
3,9,87~6,9,87
2,1,159~7,1,159
4,5,290~6,5,290
2,6,10~9,6,10
8,4,116~8,7,116
0,3,248~0,3,248
2,2,94~3,2,94
1,3,30~1,5,30
2,8,156~9,8,156
3,4,157~3,9,157
0,5,204~2,5,204
0,3,289~0,7,289
6,3,134~6,7,134
3,7,102~6,7,102
2,0,64~7,0,64
4,3,164~7,3,164
3,8,112~3,8,112
7,2,198~7,9,198
1,5,86~3,5,86
0,3,284~0,3,284
8,1,4~8,4,4
3,6,295~3,6,295
9,3,107~9,3,107
8,0,18~8,0,18
0,4,83~8,4,83
2,3,284~2,5,284
3,0,261~3,9,261
1,1,237~5,1,237
1,1,260~7,1,260
3,1,1~6,1,1
2,2,29~2,2,29
2,7,179~2,7,237
3,8,152~9,8,152
4,0,203~5,0,203
1,8,244~9,8,244
9,3,226~9,3,226
4,6,205~7,6,205
7,4,41~7,7,41
1,2,55~3,2,55
3,7,234~8,7,234
7,3,94~7,7,94
6,0,97~6,6,97
3,5,127~7,5,127
2,7,275~7,7,275
0,0,126~8,0,126
0,3,158~2,3,158
2,1,271~5,1,271
2,1,61~2,7,61
2,4,252~2,6,252
9,3,285~9,6,285
1,4,72~1,8,72
0,0,252~2,0,252
0,0,275~7,0,275
0,1,220~8,1,220
2,0,280~2,9,280
4,0,43~6,0,43
1,2,284~1,2,284
3,7,127~3,7,127
1,6,211~5,6,211
2,3,122~9,3,122
1,5,175~9,5,175
4,5,96~9,5,96
6,0,151~6,0,151
4,1,42~6,1,42
0,0,166~3,0,166
4,8,124~6,8,124
2,5,81~9,5,81
1,4,229~5,4,229
1,0,9~1,3,9
4,4,213~4,5,213
0,1,88~3,1,88
0,3,151~1,3,151
2,3,228~2,5,228
6,0,188~6,5,188
1,4,183~5,4,183
1,6,45~6,6,45
4,5,194~9,5,194
4,2,13~4,6,13
0,1,132~0,5,132
4,7,105~5,7,105
3,0,283~4,0,283
4,2,133~9,2,133
3,7,219~4,7,219
2,1,265~2,8,265
3,1,208~3,1,208
2,4,171~7,4,171
3,7,299~4,7,299
0,2,153~0,2,265
9,0,48~9,6,48
2,5,194~2,5,194
3,6,101~3,6,101
0,4,131~2,4,131
3,3,124~3,8,124
3,9,17~6,9,17
1,1,170~1,1,170
3,0,271~7,0,271
9,0,73~9,2,73
3,4,117~7,4,117
3,6,26~6,6,26
3,6,288~7,6,288
2,3,121~6,3,121
4,3,125~4,8,125
3,0,194~5,0,194
5,2,121~5,2,121
6,1,162~6,4,162
4,3,123~6,3,123
4,6,168~7,6,168
9,0,266~9,8,266
0,0,62~0,7,62
3,5,51~6,5,51
6,0,205~6,3,205
3,3,181~3,6,181
9,1,29~9,7,29
2,4,170~2,4,170
4,0,183~4,0,183
0,7,6~0,7,6
0,1,189~1,1,189
4,4,265~7,4,265
4,4,266~4,4,266
1,6,109~1,6,109
1,5,289~9,5,289
1,6,12~6,6,12
1,6,111~9,6,111
8,1,141~8,2,141
2,4,95~8,4,95
4,2,119~4,2,119
0,2,38~0,4,38
2,6,200~4,6,200
2,9,142~9,9,142
0,3,120~0,7,120
2,0,298~9,0,298
4,1,245~4,5,245
6,3,129~6,5,129
2,3,73~8,3,73
0,4,293~1,4,293
0,1,124~1,1,124
6,1,119~6,3,119
6,3,53~6,3,53
0,5,209~4,5,209
3,5,108~8,5,108
0,5,9~3,5,9
0,1,123~5,1,123
3,3,269~3,3,269
3,6,11~9,6,11
2,9,55~5,9,55
3,2,271~3,8,271
0,9,129~5,9,129
1,1,286~1,1,286
2,0,89~3,0,89
2,0,170~2,3,170
1,3,33~1,6,33
2,7,278~7,7,278
1,1,201~9,1,201
7,3,259~7,3,259
3,2,96~3,8,96
4,9,257~4,9,257
0,1,110~8,1,110
4,8,56~7,8,56
1,1,118~7,1,118
2,6,123~7,6,123
1,2,92~1,4,92
8,3,225~8,8,225
3,0,104~6,0,104
3,9,178~5,9,178
1,6,172~4,6,172
0,1,284~0,1,284
1,5,193~1,5,193
0,6,222~2,6,222
0,6,7~3,6,7
3,6,188~8,6,188
2,0,106~2,6,106
9,1,33~9,9,33
4,1,231~9,1,231
4,3,1~7,3,1
8,4,70~8,6,70
0,9,22~3,9,22
5,1,266~5,2,266
4,7,272~8,7,272
7,1,246~7,5,246
4,2,249~9,2,249
0,0,129~5,0,129
5,3,239~5,4,239
4,2,155~4,2,155
8,4,166~8,5,166
0,8,1~8,8,1
5,0,181~5,3,181
8,0,88~8,9,88
3,8,166~7,8,166
8,3,255~8,3,268
4,8,194~6,8,194
2,9,75~3,9,75
9,0,152~9,2,152
1,7,125~2,7,125
0,6,27~0,6,27
1,4,98~4,4,98
0,4,53~0,9,53
7,3,163~7,7,163
8,4,283~8,7,283
3,8,281~4,8,281
3,2,276~5,2,276
0,2,70~8,2,70
1,9,254~3,9,254
9,0,97~9,8,97
0,6,185~5,6,185
1,8,221~6,8,221
7,1,290~7,3,290
0,0,289~1,0,289
1,8,293~1,8,296
4,2,254~5,2,254
4,9,227~4,9,227
1,2,146~6,2,146
4,3,250~4,3,250
3,5,8~6,5,8
2,5,269~3,5,269
4,6,276~8,6,276
2,9,208~4,9,208
0,0,223~1,0,223
3,2,243~4,2,243
3,2,191~3,5,191
5,3,55~5,7,55
1,3,230~1,7,230
2,2,221~2,3,221
4,3,12~4,3,12
1,6,117~3,6,117
8,1,244~8,6,244
2,0,65~2,0,65
9,4,101~9,5,101
4,4,214~4,5,214
2,4,88~5,4,88
1,3,150~5,3,150
2,5,42~7,5,42
4,8,81~5,8,81
2,0,276~2,5,276
5,3,70~5,5,70
2,9,249~4,9,249
9,2,274~9,7,274
1,2,124~1,3,124
2,2,74~3,2,74
3,0,137~4,0,137
1,4,66~7,4,66
2,4,238~9,4,238
4,8,204~5,8,204
1,9,166~6,9,166
1,9,170~6,9,170
2,7,91~3,7,91
0,9,117~2,9,117
4,3,27~4,6,27
3,8,48~9,8,48
3,2,46~9,2,46
4,6,90~4,6,90
3,1,91~4,1,91
1,1,158~4,1,158
3,1,234~8,1,234
4,8,176~7,8,176
4,6,297~5,6,297
4,9,244~8,9,244
1,6,88~1,6,88
4,9,90~6,9,90
2,1,116~3,1,116
0,5,56~0,5,56
8,3,166~8,3,170
5,3,2~5,7,2
3,7,209~9,7,209
7,0,100~7,4,100
0,0,113~4,0,113
0,7,170~5,7,170
6,4,261~6,8,261
1,6,171~9,6,171
6,0,179~6,1,179
3,8,11~5,8,11
2,0,179~2,0,179
3,8,203~4,8,203
3,8,148~7,8,148
0,8,215~5,8,215
1,5,243~9,5,243
1,3,28~2,3,28
4,0,10~8,0,10
2,1,297~3,1,297
4,9,19~6,9,19
1,0,197~1,6,197
2,6,249~4,6,249
4,9,290~4,9,290
1,1,102~1,3,102
1,8,66~5,8,66
0,7,25~2,7,25
2,0,251~2,0,251
0,6,272~8,6,272
4,8,25~8,8,25
4,3,38~4,4,38
8,4,131~8,8,131
0,2,147~1,2,147
4,7,293~7,7,293
9,1,115~9,9,115
8,1,165~8,5,165
3,0,76~9,0,76
4,9,89~6,9,89
9,4,92~9,7,92
4,3,218~7,3,218
5,2,204~5,3,204
2,9,77~4,9,77
5,1,82~5,2,82
5,3,23~5,4,23
3,2,164~5,2,164
2,3,271~2,7,271
2,0,69~2,5,69
3,8,256~9,8,256
9,0,218~9,0,218
3,9,68~6,9,68
1,0,286~6,0,286
3,9,125~3,9,125
1,9,194~2,9,194
0,4,267~0,5,267
4,2,265~9,2,265
4,8,23~8,8,23
8,3,102~8,9,102
4,2,190~4,6,190
1,8,229~5,8,229
3,4,287~7,4,287
5,1,124~5,1,124
0,4,144~7,4,144
1,4,176~8,4,176
3,1,259~3,6,259
1,2,235~1,9,235
3,2,52~5,2,52
3,0,47~4,0,47
0,9,111~8,9,111
8,0,45~8,3,45
4,4,53~9,4,53
4,8,201~9,8,201
3,7,58~8,7,58
0,1,127~0,2,127
2,1,227~4,1,227
2,9,288~2,9,288
5,1,21~5,6,21
3,4,61~5,4,61
3,0,58~6,0,58
2,1,213~7,1,213
9,2,225~9,8,225
3,0,146~8,0,146
4,3,18~6,3,18
8,0,210~8,6,210
9,1,256~9,3,256
4,3,219~5,3,219
0,7,20~1,7,20
1,3,109~1,3,109
3,4,76~7,4,76
1,4,223~1,6,223
1,2,152~1,2,152
1,0,296~1,0,296
4,4,7~9,4,7
3,4,298~8,4,298
0,1,51~0,4,51
3,7,215~7,7,215
1,0,5~1,7,5
3,0,274~7,0,274
3,3,160~6,3,160
2,9,199~2,9,199
0,7,81~0,7,81
2,5,207~3,5,207
4,4,106~4,8,106
1,2,216~5,2,216
6,3,7~6,3,7
3,8,238~8,8,238
4,9,28~6,9,28
2,0,157~6,0,157
3,3,247~3,5,247
0,2,44~0,3,44
0,0,235~2,0,235
3,3,224~3,5,224
5,4,71~5,8,71
1,3,280~1,9,280
8,3,173~8,7,173
2,2,42~2,2,42
3,9,49~3,9,49
0,6,116~2,6,116
9,1,57~9,2,57
4,6,139~7,6,139
3,7,250~5,7,250
2,9,294~2,9,294
2,4,288~7,4,288
2,3,261~2,6,261
2,1,145~2,2,145
2,4,165~2,5,165
6,4,103~6,5,103
8,4,227~8,9,227
3,0,169~5,0,169
5,2,264~5,8,264
3,9,251~6,9,251
3,2,224~5,2,224
2,1,132~2,7,132
0,4,169~0,4,169
0,1,239~4,1,239
1,9,7~6,9,7
9,4,299~9,4,299
4,6,99~4,6,99
7,1,49~7,2,49
4,2,234~5,2,234
1,1,15~1,3,15
4,0,94~9,0,94
0,8,250~1,8,250
0,8,13~7,8,13
6,4,270~6,9,270
3,3,283~3,3,283
4,9,38~8,9,38
2,9,97~7,9,97
0,7,176~4,7,176
1,3,76~9,3,76
5,4,44~5,5,44
4,7,82~8,7,82
4,1,79~4,4,79
8,3,174~8,9,174
2,1,155~8,1,155
4,7,279~9,7,279
2,8,138~8,8,138
2,0,266~6,0,266
3,9,6~4,9,6
2,6,275~9,6,275
4,1,157~4,8,157
2,4,255~9,4,255
3,4,89~8,4,89
3,9,72~4,9,72
0,3,104~0,4,104
3,0,119~3,3,119
1,0,99~1,3,99
2,2,57~8,2,57
3,5,295~7,5,295
8,0,26~8,2,26
2,1,121~2,1,121
5,1,75~5,8,75
0,5,58~2,5,58
0,3,129~0,6,129
0,3,98~4,3,98
2,9,216~3,9,216
2,8,123~7,8,123
7,4,141~7,4,141
4,1,274~9,1,274
1,6,140~2,6,140
4,4,22~4,9,22
3,1,37~9,1,37
0,1,180~8,1,180
3,1,56~3,5,56
8,0,233~8,2,233
2,0,133~2,0,133
2,6,299~6,6,299
3,6,34~3,6,34
0,4,292~0,4,292
4,0,291~8,0,291
0,9,59~1,9,59
2,5,145~5,5,145
4,1,43~4,4,43
4,0,44~4,0,44
1,2,33~3,2,33
2,5,160~4,5,160
9,1,222~9,5,222
1,5,22~2,5,22
1,6,267~3,6,267
2,4,41~6,4,41
1,5,50~5,5,50
3,3,21~3,3,21
2,5,105~2,5,105
2,9,44~5,9,44
4,1,12~5,1,12
1,1,54~4,1,54
2,6,241~9,6,241
9,1,43~9,6,43
6,1,273~6,1,273
4,1,174~7,1,174
5,4,123~5,4,136
1,0,67~3,0,67
4,6,50~6,6,50
0,3,52~0,6,52
0,1,171~2,1,171
0,5,11~7,5,11
4,7,295~9,7,295
2,9,267~3,9,267
1,6,184~1,6,184
3,2,148~6,2,148
2,9,214~2,9,214
3,4,168~7,4,168
4,2,215~7,2,215
2,6,167~6,6,167
1,7,22~1,7,22
2,0,15~2,2,15
3,2,248~3,6,248
1,3,138~1,3,138
0,2,84~0,6,84
1,2,290~1,9,290
0,7,262~2,7,262
2,2,102~9,2,102
8,1,1~8,3,1
2,4,3~2,4,3
4,0,77~5,0,77
4,6,94~6,6,94
2,6,255~4,6,255
1,1,198~8,1,198
2,4,14~2,4,14
2,3,127~2,4,127
1,0,33~1,1,33
2,4,162~4,4,162
3,6,80~6,6,80
4,1,148~7,1,148
0,1,278~2,1,278
3,7,211~9,7,211
2,3,203~2,5,203
0,1,67~7,1,67
2,8,254~9,8,254
2,1,112~7,1,112
0,3,59~0,7,59
1,3,120~1,4,120
2,1,119~2,9,119
4,2,240~8,2,240
1,1,295~6,1,295
9,0,99~9,1,99
3,3,55~3,6,55
9,4,158~9,4,158
3,2,58~3,6,58
2,1,161~7,1,161
1,0,111~4,0,111
3,0,78~3,3,78
1,2,263~1,2,265
8,3,184~8,8,184
1,7,151~3,7,151
4,0,17~9,0,17
4,7,194~5,7,194
9,4,21~9,6,21
1,6,250~6,6,250
8,1,77~8,5,77
6,0,183~6,0,183
1,8,212~1,8,212
4,5,179~5,5,179
7,2,285~7,8,285
2,4,76~2,4,76
9,1,228~9,5,228
2,2,290~3,2,290
8,0,181~8,0,181
2,1,243~7,1,243
4,3,186~4,8,186
2,8,80~2,8,80
3,8,217~4,8,217
4,6,92~8,6,92
1,4,146~1,4,146
4,3,45~5,3,45
3,6,8~6,6,8
1,1,90~3,1,90
4,7,153~5,7,153
2,0,63~7,0,63
4,3,152~4,7,152
4,2,132~5,2,132
2,1,202~5,1,202
4,5,162~4,5,162
0,0,145~0,0,145
4,9,223~9,9,223
9,4,152~9,5,152
2,4,52~2,6,52
0,5,198~2,5,198
4,9,73~9,9,73
0,7,285~3,7,285
3,4,9~3,4,9
2,3,63~9,3,63
4,0,200~7,0,200
0,9,145~7,9,145
3,7,288~4,7,288
9,1,85~9,2,85
3,9,245~9,9,245
3,6,214~4,6,214
2,6,15~2,6,15
3,8,103~5,8,103
3,9,241~8,9,241
2,4,11~5,4,11
4,5,292~8,5,292
3,1,204~3,8,204
2,2,278~2,3,278
1,6,156~5,6,156
0,3,231~0,9,231
0,0,191~8,0,191
0,2,71~3,2,71
3,3,299~3,3,299
1,3,126~3,3,126
2,5,230~2,5,230
8,2,180~8,2,180
0,1,226~5,1,226
4,1,291~7,1,291
1,1,259~1,1,259
3,8,83~5,8,83
9,2,98~9,3,98
3,9,277~9,9,277
1,1,55~5,1,55
3,3,197~3,3,197
4,3,69~6,3,69
3,8,133~9,8,133
2,2,219~2,2,219
0,6,93~0,6,93
2,1,25~2,2,25
0,4,80~4,4,80
3,0,262~4,0,262
4,0,214~4,3,214
0,4,34~7,4,34
3,1,251~6,1,251
3,9,160~8,9,160
2,9,25~2,9,25
4,6,126~5,6,126
9,1,144~9,6,144
1,0,48~1,3,48
0,4,189~5,4,189
2,8,75~4,8,75
1,2,59~8,2,59
1,5,233~2,5,233
4,8,252~5,8,252
1,0,208~1,0,208
4,3,169~6,3,169
3,4,109~3,4,109
7,0,256~7,5,256
1,0,187~6,0,187
6,1,189~6,1,189
3,4,235~6,4,235
3,9,134~4,9,134
4,8,235~8,8,235
3,9,262~4,9,262
0,6,21~0,6,21
2,8,42~8,8,42
4,1,128~5,1,128
2,9,269~7,9,269
7,6,226~7,6,228
6,3,43~6,9,43
6,0,248~6,3,248
0,5,17~9,5,17
0,2,281~1,2,281
4,3,180~9,3,180
1,2,78~2,2,78
1,3,163~1,3,163
0,2,148~0,4,148
4,4,277~4,4,277
1,0,97~1,3,97
3,3,24~3,8,24
2,1,125~6,1,125
2,3,22~2,3,22
4,4,291~4,4,291
2,5,88~2,5,88
0,1,141~0,3,141
1,9,159~7,9,159
3,5,229~8,5,229
0,8,44~1,8,44
2,4,292~2,4,292
3,0,60~3,2,60
2,4,233~2,4,233
3,1,183~9,1,183
4,1,167~5,1,167
2,8,78~6,8,78
0,1,250~4,1,250
4,8,226~6,8,226
3,1,39~3,6,39
2,4,192~6,4,192
4,3,258~5,3,258
2,2,251~8,2,251
6,1,181~6,4,181
2,3,231~5,3,231
3,4,283~3,7,283
9,4,36~9,8,36
1,6,141~8,6,141
3,4,164~6,4,164
7,4,266~7,8,266
5,4,67~5,8,67
0,3,138~0,4,138
2,9,154~3,9,154
4,0,249~5,0,249
3,9,222~8,9,222
2,7,53~3,7,53
2,3,213~8,3,213
4,1,261~4,1,261
3,1,23~4,1,23
7,2,94~7,2,94
2,0,291~2,5,291
4,5,90~7,5,90
2,7,112~9,7,112
9,1,291~9,3,291
1,3,61~1,9,61
4,9,181~9,9,181
7,2,223~7,7,223
0,7,93~6,7,93
4,4,180~6,4,180
4,2,40~4,7,40
1,4,12~1,4,12
2,4,16~6,4,16
2,5,154~3,5,154
3,8,93~3,8,93
4,7,177~6,7,177
1,0,279~2,0,279
0,8,31~9,8,31
3,7,147~8,7,147
4,2,149~5,2,149
2,2,213~7,2,213
8,3,96~8,3,96
1,4,26~1,4,26
2,0,258~2,3,258
8,3,164~8,4,164
4,7,123~6,7,123
2,8,275~8,8,275
1,3,31~9,3,31
4,2,207~7,2,207
1,5,107~3,5,107
1,6,143~9,6,143
2,4,209~5,4,209
1,1,298~3,1,298
1,2,274~8,2,274
0,6,42~7,6,42
2,5,20~2,5,20
4,9,82~9,9,82
1,6,243~4,6,243
7,1,244~7,4,244
0,3,196~0,6,196
3,9,237~6,9,237
3,8,52~6,8,52
4,4,10~9,4,10
0,6,153~0,6,153
4,5,18~8,5,18
0,9,240~2,9,240
1,6,277~5,6,277
3,8,183~8,8,183
4,3,67~7,3,67
4,2,82~4,2,82
2,4,114~2,8,114
0,2,24~2,2,24
1,2,299~1,6,299
4,5,275~9,5,275
1,3,241~1,3,241
5,0,297~5,0,297
0,4,75~0,6,75
5,2,154~5,4,154
2,1,184~2,1,184
3,0,182~6,0,182
0,0,244~0,0,244
3,5,12~9,5,12
4,8,182~7,8,182
3,9,232~9,9,232
2,1,13~2,4,13
0,9,25~1,9,25
1,8,18~2,8,18
0,3,218~2,3,218
1,8,227~2,8,227
3,0,48~4,0,48
1,7,252~5,7,252
4,2,193~4,4,193
7,4,248~7,7,248
4,6,203~5,6,203
2,3,7~2,5,7
1,2,192~1,2,195
2,2,185~7,2,185
0,7,162~9,7,162
5,4,113~5,4,113
6,1,100~6,1,100
1,9,1~4,9,1
0,3,70~0,3,70
0,8,258~0,8,258
0,6,218~5,6,218
1,8,73~1,8,73
0,8,141~8,8,141
2,5,57~6,5,57
1,0,165~4,0,165
0,4,78~1,4,78
1,4,124~1,9,124
8,0,177~8,8,177
1,3,167~1,5,167
2,9,95~6,9,95
3,6,265~4,6,265
4,1,76~4,2,76
8,4,258~8,4,264
2,2,140~6,2,140
2,1,269~2,2,269
3,0,131~6,0,131
4,6,215~4,6,215
3,2,244~3,5,244
0,7,171~1,7,171
4,7,80~9,7,80
4,2,166~8,2,166
0,8,99~5,8,99
7,2,183~7,7,183
4,9,8~8,9,8
1,4,40~1,4,40
6,0,60~6,7,60
3,0,161~5,0,161
0,8,210~0,8,210
4,0,273~4,0,273
4,2,22~9,2,22
3,2,18~3,7,18
2,3,176~5,3,176
2,9,252~4,9,252
2,8,216~2,8,216
3,3,15~3,4,15
4,5,197~6,5,197
9,3,70~9,4,70
4,3,99~9,3,99
1,1,107~9,1,107
9,0,182~9,4,182
0,8,287~4,8,287
2,1,68~9,1,68
3,9,253~7,9,253
4,4,81~6,4,81
0,5,178~7,5,178
5,4,260~5,5,260
9,2,270~9,6,270
9,3,88~9,6,88
1,9,43~2,9,43
2,2,122~4,2,122
1,7,166~2,7,166
7,0,142~7,0,142
4,1,60~4,1,60
3,5,298~5,5,298
4,8,187~8,8,187
1,9,186~4,9,186
1,1,2~8,1,2
9,4,294~9,9,294
3,0,230~3,0,230
3,2,134~3,2,134
8,4,168~8,8,168
8,3,242~8,6,242
2,8,208~5,8,208
4,4,121~8,4,121
2,4,142~2,6,142
4,5,46~7,5,46
4,3,229~5,3,229
4,1,185~7,1,185
4,6,197~7,6,197
1,1,249~1,3,249
8,1,214~8,1,214
1,7,17~9,7,17
4,6,145~8,6,145
7,2,294~7,9,294
2,8,116~3,8,116
2,8,14~2,8,14
2,5,63~3,5,63
7,0,130~7,7,130
4,8,49~8,8,49
1,0,192~9,0,192
1,6,110~5,6,110
3,5,216~6,5,216
2,0,95~5,0,95
2,2,232~6,2,232
4,6,285~4,6,285
2,7,14~9,7,14
0,5,258~0,5,258
3,7,78~5,7,78
6,2,269~6,2,272
4,7,66~7,7,66
0,3,68~0,5,68
1,2,14~9,2,14
1,9,200~1,9,200
9,0,86~9,9,86
1,2,288~8,2,288
0,1,211~7,1,211
1,6,162~6,6,162
5,4,259~5,4,259
1,2,255~1,8,255
4,2,281~6,2,281
1,3,232~1,7,232
3,3,44~7,3,44
4,1,64~6,1,64
9,2,39~9,6,39
0,5,278~8,5,278
1,2,114~7,2,114
4,5,63~5,5,63
1,0,297~1,1,297
1,8,242~3,8,242
1,2,123~2,2,123
8,2,186~8,3,186
9,2,202~9,2,202
3,3,84~7,3,84
0,4,150~0,4,150
3,7,197~6,7,197
4,4,200~4,4,200
4,2,78~6,2,78
2,5,92~4,5,92
4,0,35~7,0,35
1,3,60~1,9,60
4,9,185~6,9,185
4,2,104~4,2,104
6,4,263~6,5,263
4,6,1~4,6,1
1,6,69~9,6,69
4,8,283~4,8,283
4,9,233~8,9,233
8,3,49~8,6,49
4,0,101~7,0,101
2,8,263~3,8,263
1,3,17~9,3,17
0,3,64~1,3,64
4,9,285~8,9,285
4,3,140~5,3,140
1,7,68~7,7,68
3,8,101~6,8,101
3,8,230~5,8,230
1,1,52~1,9,52
2,9,141~6,9,141
0,7,146~8,7,146
4,1,14~6,1,14
2,8,296~7,8,296
2,0,226~8,0,226
1,1,199~1,8,199
1,2,167~2,2,167
1,3,179~2,3,179
4,6,240~6,6,240
0,8,294~0,8,294
1,2,109~4,2,109
4,2,247~4,2,247
6,1,105~6,1,105
1,8,270~2,8,270
1,9,127~3,9,127
6,0,27~6,0,27
0,7,34~3,7,34
6,0,3~6,9,3
8,4,65~8,5,65
1,7,36~5,7,36
1,4,133~4,4,133
0,5,73~9,5,73
2,2,199~5,2,199
4,5,256~4,5,256
1,2,100~3,2,100
7,3,26~7,4,26
1,1,129~1,8,129
4,2,54~7,2,54
3,8,60~4,8,60
4,3,102~7,3,102
0,0,81~4,0,81
0,4,57~9,4,57
4,3,71~6,3,71
4,9,119~4,9,119
1,5,182~2,5,182
4,3,78~4,3,78
2,5,71~4,5,71
2,9,188~4,9,188
0,2,282~4,2,282
7,4,75~7,9,75
0,3,99~0,3,99
1,1,285~1,5,285
0,9,183~9,9,183
1,1,16~8,1,16
4,4,220~6,4,220
3,8,146~7,8,146
3,3,246~5,3,246
8,1,216~8,2,216
4,9,69~6,9,69
0,8,11~0,8,11
0,1,221~9,1,221
2,2,116~6,2,116
2,1,178~2,1,178
0,9,192~3,9,192
4,1,27~7,1,27
1,4,298~1,9,298
1,0,112~1,0,112
1,3,88~6,3,88
4,4,259~4,7,259
3,7,84~8,7,84
4,1,219~4,2,219
0,0,294~0,0,294
4,3,14~5,3,14
1,0,143~1,1,143
5,0,217~5,7,217
8,0,209~8,5,209
3,4,73~4,4,73
3,6,262~6,6,262
1,0,102~5,0,102
2,1,91~2,2,91
2,4,19~2,8,19
0,4,76~0,4,76
3,8,65~6,8,65
2,3,149~3,3,149
8,0,67~8,4,67
2,6,170~9,6,170
3,1,22~3,5,22
3,6,244~5,6,244
3,5,215~9,5,215
1,4,3~1,7,3
0,6,137~1,6,137
0,7,238~1,7,238
5,1,245~5,7,245
3,2,226~8,2,226
2,1,270~9,1,270
3,6,230~5,6,230
6,2,260~6,8,260
2,5,76~9,5,76
4,3,201~6,3,201
6,4,209~6,4,209
2,7,298~2,7,298
4,7,53~5,7,53
7,4,42~7,4,42
4,6,103~4,6,103
7,4,58~7,5,58
