5,3,125~5,6,125
7,3,173~7,5,173
9,0,131~9,6,131
6,2,58~6,8,58
6,3,259~6,6,259
0,1,40~0,9,40
3,9,252~6,9,252
4,3,21~4,3,21
0,5,54~2,5,54
2,4,89~4,4,89
0,1,227~1,1,227
6,1,52~6,4,52
2,2,167~2,3,167
4,4,293~4,8,293
1,1,170~7,1,170
1,0,286~8,0,286
4,3,291~7,3,291
0,7,236~3,7,236
4,2,287~4,9,287
0,0,158~0,2,158
2,0,278~2,8,278
3,4,299~7,4,299
3,1,19~3,1,19
1,7,38~9,7,38
3,0,253~3,9,253
4,1,161~9,1,161
8,4,68~8,4,68
1,2,280~1,3,280
3,0,59~3,3,59
0,4,224~3,4,224
5,2,152~5,2,152
3,5,289~8,5,289
3,4,13~3,4,13
1,8,15~6,8,15
3,0,95~3,2,95
2,8,61~2,8,61
1,6,194~9,6,194
3,2,110~3,9,110
4,4,62~4,8,62
4,7,228~5,7,228
2,4,275~2,9,275
2,1,180~2,8,180
4,3,238~4,4,238
0,4,77~9,4,77
0,8,178~5,8,178
1,3,95~2,3,95
0,9,33~2,9,33
2,9,7~6,9,7
7,6,55~7,6,181
4,8,198~6,8,198
4,1,245~7,1,245
0,3,71~3,3,71
3,5,50~6,5,50
3,4,286~8,4,286
4,2,158~8,2,158
0,1,161~2,1,161
2,1,148~8,1,148
2,7,165~5,7,165
2,9,277~8,9,277
1,4,250~1,5,250
2,2,159~2,6,159
8,0,85~8,8,85
3,5,244~3,5,244
2,7,202~7,7,202
4,0,31~7,0,31
3,2,174~3,2,174
3,6,39~9,6,39
3,8,109~3,8,109
1,1,127~6,1,127
0,2,47~0,6,47
4,7,236~9,7,236
2,8,119~7,8,119
2,5,97~2,5,97
3,3,222~3,5,222
1,7,99~4,7,99
4,7,164~5,7,164
0,0,54~7,0,54
1,8,86~6,8,86
3,4,48~8,4,48
1,3,222~1,6,222
4,8,7~6,8,7
1,8,57~1,8,57
2,5,217~2,5,217
4,9,154~8,9,154
0,5,76~8,5,76
9,4,216~9,5,216
9,1,147~9,7,147
6,0,13~6,8,13
4,4,100~4,7,100
4,5,66~8,5,66
2,4,225~2,4,225
7,2,196~7,8,196
3,2,21~6,2,21
0,7,226~3,7,226
7,1,254~7,7,254
5,3,274~5,5,274
3,7,295~3,7,295
0,4,190~9,4,190
0,3,94~8,3,94
3,1,236~3,1,236
4,9,258~7,9,258
0,6,255~0,6,286
9,3,255~9,9,255
2,0,264~2,2,264
0,0,199~0,7,199
0,8,39~7,8,39
2,5,266~7,5,266
4,2,3~4,2,3
9,1,140~9,5,140
0,1,142~0,7,142
8,0,178~8,0,178
4,0,97~4,9,97
3,3,108~3,3,108
2,9,249~9,9,249
4,9,22~9,9,22
1,2,186~1,4,186
2,0,170~8,0,170
4,5,35~7,5,35
5,2,132~5,5,132
3,7,179~7,7,179
4,4,227~8,4,227
4,2,259~8,2,259
6,4,200~6,8,200
3,2,118~5,2,118
3,8,64~6,8,64
4,7,171~6,7,171
3,1,24~5,1,24
0,2,252~6,2,252
4,5,199~5,5,199
3,4,283~3,6,283
2,3,48~4,3,48
0,1,137~0,1,137
9,3,151~9,3,245
0,9,68~9,9,68
2,5,122~8,5,122
3,1,70~3,9,70
8,4,288~8,5,288
2,6,17~8,6,17
8,2,129~8,3,129
1,7,19~9,7,19
6,1,181~6,6,181
5,1,10~5,2,10
3,7,45~4,7,45
2,9,14~5,9,14
0,1,169~3,1,169
3,2,72~6,2,72
2,7,203~5,7,203
1,3,259~1,9,259
4,7,110~5,7,110
0,3,110~0,9,110
2,6,247~3,6,247
6,2,218~6,4,218
2,4,228~7,4,228
3,4,18~3,7,18
0,9,61~4,9,61
0,2,138~0,2,138
4,9,213~7,9,213
4,0,239~5,0,239
1,4,174~1,9,174
4,2,102~4,7,102
7,2,160~7,4,160
0,7,141~2,7,141
0,2,248~3,2,248
2,4,75~2,5,75
4,9,266~7,9,266
4,8,49~4,8,49
2,0,204~2,5,204
3,7,143~3,7,153
1,2,170~5,2,170
0,0,179~9,0,179
0,2,147~3,2,147
4,0,208~4,5,208
8,1,216~8,1,216
2,7,118~8,7,118
3,3,298~3,3,298
3,1,129~9,1,129
4,9,41~9,9,41
1,3,115~8,3,115
3,6,61~3,6,61
0,7,175~8,7,175
9,1,265~9,5,265
2,1,284~8,1,284
2,1,56~9,1,56
5,3,104~5,9,104
3,1,2~9,1,2
0,4,206~4,4,206
1,2,67~1,2,67
1,1,256~4,1,256
3,2,131~4,2,131
4,0,144~5,0,144
2,0,89~2,2,89
6,1,95~6,7,95
0,3,145~1,3,145
2,2,81~7,2,81
1,3,202~1,3,202
3,4,15~5,4,15
6,2,289~6,2,297
1,7,217~3,7,217
8,1,166~8,4,166
2,9,190~5,9,190
2,3,288~9,3,288
2,4,247~3,4,247
3,5,104~3,5,104
2,7,83~2,7,83
0,4,122~0,6,122
0,7,122~9,7,122
3,0,72~3,0,72
4,2,272~6,2,272
8,4,214~8,9,214
2,2,193~7,2,193
3,0,51~3,3,51
2,0,227~4,0,227
1,2,156~1,4,156
3,7,267~3,7,267
1,8,169~2,8,169
4,3,134~4,3,134
0,2,102~0,4,102
4,7,88~8,7,88
2,2,290~2,2,290
3,3,104~3,4,104
9,0,148~9,0,148
2,2,279~2,2,279
0,6,58~5,6,58
1,4,70~1,6,70
0,2,129~6,2,129
2,0,234~4,0,234
8,1,133~8,4,133
2,1,92~5,1,92
6,3,93~6,6,93
6,0,213~6,4,213
0,2,94~5,2,94
3,5,3~5,5,3
4,3,69~4,4,69
4,9,84~8,9,84
0,0,159~9,0,159
4,6,209~6,6,209
1,6,210~8,6,210
4,0,79~9,0,79
3,2,27~4,2,27
8,8,263~8,8,274
1,0,131~1,0,131
2,3,8~3,3,8
1,0,196~6,0,196
4,5,68~6,5,68
1,9,167~6,9,167
5,2,175~5,2,175
1,1,282~8,1,282
3,6,299~7,6,299
2,1,231~2,3,231
2,0,254~8,0,254
2,7,33~2,7,33
2,6,9~5,6,9
6,1,19~6,4,19
1,9,132~6,9,132
4,8,38~6,8,38
9,3,26~9,9,26
3,5,75~6,5,75
8,0,291~8,9,291
8,1,74~8,6,74
8,2,204~8,7,204
1,4,288~1,8,288
4,7,125~6,7,125
0,2,219~0,8,219
1,7,106~1,7,106
1,0,207~1,9,207
6,4,109~6,4,109
1,7,189~8,7,189
8,6,233~8,6,279
1,0,110~2,0,110
6,2,199~6,5,199
4,1,174~4,5,174
2,4,87~9,4,87
3,8,169~4,8,169
4,7,7~8,7,7
4,1,194~9,1,194
3,0,220~3,2,220
1,4,35~1,5,35
1,3,199~1,9,199
3,7,43~5,7,43
0,1,208~0,6,208
6,3,24~6,8,24
1,1,4~1,3,4
1,8,215~1,8,220
4,5,60~4,5,60
2,1,107~2,8,107
1,9,155~7,9,155
0,2,4~0,4,4
3,5,249~3,5,249
6,2,247~6,9,247
1,6,286~3,6,286
3,7,65~9,7,65
2,9,158~8,9,158
8,2,102~8,2,102
2,1,60~9,1,60
0,0,88~0,5,88
8,3,101~8,7,101
1,1,71~1,2,71
3,2,280~9,2,280
4,1,184~7,1,184
6,0,36~6,0,36
9,4,299~9,8,299
4,6,236~4,6,236
4,1,116~7,1,116
2,2,91~4,2,91
4,1,100~6,1,100
2,2,234~8,2,234
8,2,12~8,8,12
5,3,193~5,8,193
0,3,143~5,3,143
1,6,74~6,6,74
9,3,100~9,4,100
4,7,75~7,7,75
4,1,18~8,1,18
0,4,205~3,4,205
4,4,154~4,5,154
1,0,273~8,0,273
0,3,241~2,3,241
3,1,20~9,1,20
0,1,281~9,1,281
4,1,4~4,9,4
3,1,225~6,1,225
6,4,175~6,4,175
3,4,120~3,7,120
2,5,169~3,5,169
0,3,271~2,3,271
4,7,108~9,7,108
9,2,63~9,4,63
6,4,215~6,6,215
1,6,83~1,6,127
9,0,127~9,1,127
4,1,54~9,1,54
0,8,179~0,8,179
2,3,283~8,3,283
0,3,217~0,5,217
1,2,8~1,2,8
1,3,182~3,3,182
2,7,284~6,7,284
0,4,79~3,4,79
0,1,170~0,9,170
4,7,167~8,7,167
2,5,251~7,5,251
3,5,160~8,5,160
0,1,186~0,2,186
5,1,74~5,3,74
2,4,135~3,4,135
1,1,92~1,1,92
3,8,31~6,8,31
0,1,21~0,7,21
0,1,179~4,1,179
2,2,119~2,4,119
1,3,50~1,8,50
1,2,97~3,2,97
1,2,81~1,5,81
4,1,189~6,1,189
3,2,271~3,6,271
3,1,55~4,1,55
2,0,206~5,0,206
4,5,235~5,5,235
1,2,25~1,8,25
3,8,53~9,8,53
3,2,62~6,2,62
2,6,100~2,6,100
2,9,207~4,9,207
5,0,50~5,2,50
1,6,55~3,6,55
4,8,142~6,8,142
4,4,30~9,4,30
1,1,297~7,1,297
4,4,64~4,6,64
6,2,212~6,3,212
0,6,38~5,6,38
2,4,117~4,4,117
0,7,186~2,7,186
4,4,195~9,4,195
1,4,229~4,4,229
4,1,46~4,2,46
1,4,181~4,4,181
5,2,185~5,2,185
2,5,111~4,5,111
8,0,72~8,6,72
7,2,175~7,4,175
1,0,152~9,0,152
4,7,138~9,7,138
3,5,259~5,5,259
3,0,164~3,3,164
3,3,90~3,3,90
9,2,28~9,4,28
3,2,225~3,5,225
4,8,17~5,8,17
3,0,157~3,2,157
4,8,205~4,8,205
1,9,123~5,9,123
2,2,200~9,2,200
2,9,293~8,9,293
1,3,55~6,3,55
3,4,57~8,4,57
2,0,201~2,9,201
4,2,78~7,2,78
1,1,34~1,9,34
2,4,10~5,4,10
1,1,187~3,1,187
4,5,41~7,5,41
2,9,37~9,9,37
3,4,246~8,4,246
1,6,292~8,6,292
8,4,83~8,5,83
3,4,20~3,5,20
3,3,281~5,3,281
3,0,136~8,0,136
1,8,186~2,8,186
6,4,221~6,8,221
4,2,39~7,2,39
4,6,280~7,6,280
0,2,45~9,2,45
7,3,147~7,5,147
9,0,44~9,4,44
1,3,43~5,3,43
3,2,11~3,7,11
3,3,145~3,3,145
5,3,150~5,5,150
4,4,152~8,4,152
9,1,66~9,4,66
1,8,271~6,8,271
1,6,296~8,6,296
3,4,55~3,4,55
0,4,209~5,4,209
4,4,137~4,4,137
8,2,46~8,7,46
0,7,77~8,7,77
7,1,225~7,7,225
2,1,229~7,1,229
1,8,89~8,8,89
1,1,48~5,1,48
0,2,216~2,2,216
3,7,173~9,7,173
7,4,283~7,4,283
3,5,114~7,5,114
3,9,90~6,9,90
4,7,55~8,7,55
4,9,225~5,9,225
5,2,97~5,8,97
4,4,144~8,4,144
1,2,189~2,2,189
8,4,138~8,4,138
0,1,16~0,7,16
2,4,133~3,4,133
4,0,261~6,0,261
3,5,256~7,5,256
0,3,259~0,3,259
4,9,87~4,9,87
5,2,20~5,4,20
2,9,236~6,9,236
4,3,126~4,6,126
3,2,196~3,4,196
0,6,291~0,6,291
1,0,172~3,0,172
1,6,22~8,6,22
1,7,44~9,7,44
1,0,187~1,0,187
6,3,85~6,9,85
3,1,39~3,1,39
0,4,168~0,8,168
3,3,158~8,3,158
1,5,228~5,5,228
0,0,107~8,0,107
4,6,276~6,6,276
3,8,159~4,8,159
2,1,296~5,1,296
2,2,185~4,2,185
3,3,216~3,3,216
1,3,190~3,3,190
0,2,295~1,2,295
5,3,285~5,9,285
4,5,5~9,5,5
2,6,167~3,6,167
9,2,250~9,7,250
2,1,219~7,1,219
0,1,162~0,2,162
0,8,98~3,8,98
4,0,274~4,0,274
0,3,184~2,3,184
0,5,231~5,5,231
3,3,113~3,9,113
1,0,74~1,0,74
2,0,295~6,0,295
3,3,243~8,3,243
4,1,81~4,1,81
8,1,205~8,1,205
2,4,296~7,4,296
4,5,110~9,5,110
1,1,294~4,1,294
4,3,141~9,3,141
0,2,210~0,5,210
9,1,270~9,5,270
2,0,268~4,0,268
9,2,128~9,7,128
4,4,219~4,7,219
4,7,169~4,7,169
4,3,261~5,3,261
1,2,250~1,2,250
2,5,98~8,5,98
4,1,63~8,1,63
7,1,275~7,9,275
4,6,112~6,6,112
2,0,299~5,0,299
4,2,125~5,2,125
2,3,146~7,3,146
6,2,16~6,3,16
2,0,53~2,1,53
1,3,53~6,3,53
0,4,83~5,4,83
1,0,99~1,0,99
3,7,256~6,7,256
5,1,136~5,3,136
3,3,73~3,4,73
3,2,49~3,7,49
0,2,214~4,2,214
1,5,198~1,5,198
2,3,161~4,3,161
2,2,295~2,2,295
3,1,182~7,1,182
0,3,148~4,3,148
0,3,125~0,5,125
3,4,258~8,4,258
3,6,224~6,6,224
4,8,297~5,8,297
2,1,197~2,7,197
1,3,78~5,3,78
3,3,129~5,3,129
2,6,132~3,6,132
4,5,252~9,5,252
2,2,65~7,2,65
3,4,95~3,6,95
0,4,160~0,4,160
3,7,252~6,7,252
5,4,210~5,4,210
6,4,135~6,5,135
1,7,219~1,7,219
3,6,237~5,6,237
2,4,67~4,4,67
3,2,139~3,7,139
3,6,198~8,6,198
0,3,196~0,9,196
3,1,132~8,1,132
2,1,125~2,2,125
0,6,225~1,6,225
6,4,8~6,8,8
4,5,276~5,5,276
3,7,275~4,7,275
0,2,133~5,2,133
6,2,196~6,2,196
0,0,147~5,0,147
7,4,279~7,4,279
3,4,195~3,6,195
0,0,212~2,0,212
8,3,262~8,5,262
3,9,114~5,9,114
3,2,83~5,2,83
1,0,202~6,0,202
4,4,262~5,4,262
5,0,165~5,1,165
0,3,226~7,3,226
4,4,22~4,5,22
1,5,213~2,5,213
1,7,292~8,7,292
6,0,155~6,8,155
0,0,82~0,2,82
9,3,97~9,8,97
2,5,106~7,5,106
2,0,258~5,0,258
8,4,43~8,9,43
4,2,203~4,2,203
4,6,257~6,6,257
2,0,150~3,0,150
1,0,216~6,0,216
2,8,106~5,8,106
2,9,230~2,9,230
4,4,248~4,4,248
8,2,232~8,9,232
2,9,165~6,9,165
5,1,214~5,2,214
4,8,128~7,8,128
0,3,49~0,8,49
6,1,79~6,7,79
3,4,47~5,4,47
2,8,191~7,8,191
1,5,56~6,5,56
0,0,264~0,1,264
3,3,153~3,3,153
3,5,130~7,5,130
2,8,248~7,8,248
1,9,57~7,9,57
2,3,175~3,3,175
0,9,76~2,9,76
0,0,245~9,0,245
1,3,289~9,3,289
4,8,249~4,8,249
6,2,4~6,8,4
3,0,104~3,0,104
7,2,110~7,2,110
1,8,200~4,8,200
1,4,48~1,7,48
1,0,229~1,0,229
3,0,66~3,0,66
5,0,265~5,1,265
2,0,29~2,4,29
8,2,33~8,8,33
9,2,132~9,4,132
1,6,284~5,6,284
2,6,91~6,6,91
6,2,73~6,4,73
6,3,40~6,7,40
1,0,254~1,7,254
2,5,283~2,5,283
3,8,95~8,8,95
3,1,25~3,4,25
0,4,182~2,4,182
3,0,21~9,0,21
1,9,128~3,9,128
3,9,137~3,9,137
1,2,208~1,5,208
4,2,9~6,2,9
3,2,222~3,2,222
2,7,157~3,7,157
0,4,63~1,4,63
3,2,7~7,2,7
0,1,157~2,1,157
8,4,99~8,4,99
2,1,291~2,6,291
1,1,137~2,1,137
1,9,200~9,9,200
2,8,242~5,8,242
1,5,32~8,5,32
1,3,97~1,3,97
8,4,239~8,4,239
4,9,284~4,9,284
3,4,265~3,4,265
2,2,268~9,2,268
4,4,127~5,4,127
6,4,28~6,4,28
1,7,132~2,7,132
2,4,145~2,9,145
4,3,258~4,3,258
1,4,187~3,4,187
9,4,211~9,4,211
4,0,267~8,0,267
3,7,26~6,7,26
0,2,143~2,2,143
0,9,63~0,9,63
4,9,228~9,9,228
3,3,202~3,3,202
1,9,69~2,9,69
3,1,14~6,1,14
0,3,90~1,3,90
4,4,65~9,4,65
1,4,264~1,9,264
0,3,86~0,8,86
8,3,29~8,7,29
0,5,282~2,5,282
4,3,218~4,3,218
2,1,173~2,1,173
1,5,290~1,5,290
1,1,35~1,3,35
2,1,153~2,1,153
6,3,148~6,9,148
8,4,10~8,7,10
1,0,111~5,0,111
4,0,139~8,0,139
4,0,117~7,0,117
4,1,71~8,1,71
3,0,204~4,0,204
3,5,203~8,5,203
1,1,152~1,2,152
2,6,34~6,6,34
0,3,228~1,3,228
1,2,61~3,2,61
5,1,96~5,7,96
0,5,138~4,5,138
6,3,174~6,6,174
4,9,143~9,9,143
4,1,171~4,1,171
3,9,30~8,9,30
3,0,123~3,0,123
9,3,10~9,7,10
4,5,248~9,5,248
3,5,281~6,5,281
1,4,151~9,4,151
3,0,175~8,0,175
0,1,57~2,1,57
2,3,188~5,3,188
2,1,120~7,1,120
3,1,84~3,2,84
0,8,268~0,8,277
1,6,14~9,6,14
2,9,74~9,9,74
8,2,3~8,7,3
3,8,172~8,8,172
4,1,141~9,1,141
9,4,251~9,4,252
9,4,237~9,9,237
4,0,85~4,8,85
3,9,281~9,9,281
0,5,46~4,5,46
2,6,298~6,6,298
9,3,117~9,8,117
2,0,40~7,0,40
1,4,262~1,4,262
2,7,90~9,7,90
1,3,206~8,3,206
9,3,149~9,8,149
5,1,37~5,3,37
3,0,16~8,0,16
0,3,105~0,3,105
3,3,198~7,3,198
4,8,18~4,8,18
8,1,36~8,1,36
3,5,147~4,5,147
0,3,108~0,7,108
0,0,124~2,0,124
2,1,16~7,1,16
3,3,199~4,3,199
4,3,47~4,3,47
8,3,11~8,6,11
3,5,163~7,5,163
0,2,274~2,2,274
1,7,28~1,7,28
4,6,250~6,6,250
0,3,221~3,3,221
9,4,37~9,5,37
3,5,1~3,5,1
3,4,27~8,4,27
5,0,80~5,2,80
1,4,143~4,4,143
0,6,248~7,6,248
0,4,139~2,4,139
8,0,221~8,6,221
4,3,50~4,3,50
1,5,151~3,5,151
2,3,269~6,3,269
4,8,129~5,8,129
3,0,242~3,5,242
3,3,15~3,3,15
6,3,31~6,4,31
2,0,160~3,0,160
2,5,15~6,5,15
3,3,100~7,3,100
6,2,214~6,8,214
1,2,5~9,2,5
1,5,246~1,5,246
4,2,162~9,2,162
0,1,188~2,1,188
1,3,26~1,3,26
9,1,67~9,1,67
8,0,64~8,4,64
9,4,256~9,5,256
3,1,138~9,1,138
1,7,181~6,7,181
3,7,136~6,7,136
2,9,284~3,9,284
4,1,287~5,1,287
2,1,277~6,1,277
2,4,273~5,4,273
1,2,247~3,2,247
4,3,24~4,6,24
3,2,167~3,2,167
1,1,166~3,1,166
1,3,192~1,9,192
5,1,253~5,2,253
2,1,130~6,1,130
7,3,260~7,7,260
2,1,13~2,1,13
4,4,75~4,4,75
1,3,134~1,5,134
7,3,71~7,5,71
0,3,64~2,3,64
2,4,185~7,4,185
1,7,243~9,7,243
1,4,20~1,8,20
4,8,112~8,8,112
7,3,1~7,6,1
3,4,297~3,4,297
6,1,49~6,1,49
1,8,240~6,8,240
3,6,258~4,6,258
2,6,35~3,6,35
9,2,292~9,8,292
4,4,198~4,4,198
4,5,237~5,5,237
7,1,44~7,5,44
2,2,154~2,8,154
2,6,213~3,6,213
2,1,268~8,1,268
0,1,69~0,1,69
2,7,232~4,7,232
9,2,146~9,7,146
1,4,101~1,4,101
1,7,231~7,7,231
4,5,189~6,5,189
4,6,51~8,6,51
1,3,154~1,8,154
2,7,129~3,7,129
3,8,117~5,8,117
1,4,299~2,4,299
8,1,58~8,5,58
4,5,212~4,5,212
0,0,286~0,0,294
1,4,290~9,4,290
4,0,11~4,5,11
9,2,82~9,2,82
8,0,172~8,6,172
2,2,250~6,2,250
3,2,57~7,2,57
0,2,292~2,2,292
6,4,124~6,5,124
2,3,223~2,7,223
9,0,189~9,0,189
1,7,227~4,7,227
8,4,84~8,6,84
4,7,237~8,7,237
2,8,233~9,8,233
5,0,47~5,0,47
6,2,298~6,3,298
3,2,128~4,2,128
2,2,82~7,2,82
3,5,246~8,5,246
3,4,86~3,6,86
0,6,192~0,6,192
4,6,225~6,6,225
1,5,98~1,5,98
0,8,139~9,8,139
1,7,153~1,7,153
4,4,141~8,4,141
2,2,98~5,2,98
3,4,169~3,4,169
0,9,240~7,9,240
3,0,48~8,0,48
0,2,288~0,2,288
8,0,150~8,7,150
6,3,235~6,8,235
2,5,236~2,5,236
4,3,17~6,3,17
2,7,42~3,7,42
2,6,78~6,6,78
4,1,288~9,1,288
0,3,202~0,3,202
0,7,37~9,7,37
7,3,52~7,6,52
1,1,270~2,1,270
1,7,266~5,7,266
7,0,92~7,5,92
1,8,173~4,8,173
1,8,91~5,8,91
4,0,44~4,0,44
1,7,296~5,7,296
3,9,185~4,9,185
2,5,105~6,5,105
4,2,182~6,2,182
0,4,1~4,4,1
9,3,62~9,3,62
1,1,121~2,1,121
3,2,176~3,9,176
8,0,264~8,0,264
4,9,144~8,9,144
0,2,237~6,2,237
2,5,286~9,5,286
1,4,60~9,4,60
3,3,174~3,5,174
1,1,33~1,5,33
2,3,220~2,9,220
3,4,145~3,6,145
3,1,80~3,4,80
6,3,80~6,5,80
4,2,173~6,2,173
7,4,293~7,8,293
0,1,152~0,3,152
0,2,130~0,5,130
0,4,98~3,4,98
1,3,121~1,3,121
2,6,216~5,6,216
3,2,105~8,2,105
1,3,42~1,6,42
4,6,23~6,6,23
1,1,104~7,1,104
0,0,30~0,0,30
1,4,280~1,5,280
3,9,220~3,9,220
1,9,89~1,9,89
3,7,50~3,7,50
4,8,284~5,8,284
8,4,153~8,7,153
8,3,114~8,8,114
3,5,179~3,5,179
3,4,85~3,5,85
0,3,107~0,5,107
2,4,195~2,5,195
1,7,184~9,7,184
6,0,1~6,0,1
6,3,268~6,7,268
5,0,279~5,8,279
0,9,62~0,9,62
3,2,92~3,2,92
2,3,279~2,3,279
0,2,150~3,2,150
1,4,23~1,7,23
8,3,22~8,4,22
0,2,3~0,4,3
0,1,12~8,1,12
4,9,231~6,9,231
7,0,114~7,4,114
3,3,32~3,3,32
4,9,237~8,9,237
1,0,120~7,0,120
5,1,107~5,8,107
7,1,213~7,5,213
4,1,202~8,1,202
7,1,19~7,3,19
2,4,36~2,4,36
1,0,185~1,8,185
2,9,197~4,9,197
9,4,207~9,6,207
2,4,178~2,4,178
1,6,188~8,6,188
4,5,269~6,5,269
3,6,151~6,6,151
8,0,208~8,3,208
2,8,143~3,8,143
0,1,74~0,7,74
8,0,8~8,4,8
1,5,107~1,5,107
3,6,191~9,6,191
1,0,61~9,0,61
2,1,40~2,2,40
5,2,160~5,2,160
4,5,87~8,5,87
3,4,244~3,4,244
7,1,209~7,7,209
4,0,285~7,0,285
0,4,226~4,4,226
3,3,219~8,3,219
3,0,274~3,0,274
2,9,298~2,9,298
7,2,21~7,6,21
3,4,252~5,4,252
2,8,206~6,8,206
6,4,43~6,8,43
1,0,34~9,0,34
3,4,198~3,4,198
0,5,99~8,5,99
9,4,2~9,4,2
3,6,28~6,6,28
9,4,228~9,7,228
4,4,17~9,4,17
0,8,222~3,8,222
4,2,18~4,6,18
5,2,177~5,5,177
0,8,225~7,8,225
3,6,230~8,6,230
3,7,257~4,7,257
9,1,73~9,3,73
0,9,121~7,9,121
1,2,271~2,2,271
4,2,49~4,2,49
4,4,78~7,4,78
6,2,239~6,3,239
6,2,216~6,2,216
4,6,128~6,6,128
8,3,39~8,5,39
2,4,256~8,4,256
4,2,8~4,7,8
1,9,125~7,9,125
2,1,199~3,1,199
4,1,106~7,1,106
5,1,8~5,4,8
2,2,116~2,5,116
8,1,112~8,2,112
1,0,43~5,0,43
3,8,144~5,8,144
2,1,106~3,1,106
4,4,134~4,7,134
6,4,64~6,5,64
3,5,217~7,5,217
5,0,255~5,5,255
1,0,283~1,4,283
5,1,233~5,5,233
7,0,169~7,5,169
3,0,256~5,0,256
1,3,92~4,3,92
2,7,57~2,7,57
4,8,84~7,8,84
0,7,131~1,7,131
5,4,49~5,7,49
2,1,150~5,1,150
7,3,16~7,5,16
0,1,41~4,1,41
2,0,213~2,1,213
7,0,283~7,2,283
3,1,200~3,1,200
3,1,134~3,6,134
1,0,100~1,1,100
1,1,262~7,1,262
0,1,99~2,1,99
0,8,135~4,8,135
0,2,26~6,2,26
2,6,60~2,6,60
4,0,27~6,0,27
2,6,63~6,6,63
3,9,35~3,9,35
5,1,208~5,9,208
2,9,224~7,9,224
1,3,214~4,3,214
2,0,23~9,0,23
6,3,177~6,6,177
8,0,53~8,0,53
0,4,13~1,4,13
4,7,183~6,7,183
3,8,231~7,8,231
3,7,123~7,7,123
2,4,277~2,4,277
1,5,136~2,5,136
9,4,14~9,4,14
3,4,281~8,4,281
3,9,160~3,9,160
0,0,217~1,0,217
3,8,127~6,8,127
4,5,297~9,5,297
0,0,203~0,3,203
3,4,42~3,4,42
1,0,12~8,0,12
4,3,116~6,3,116
0,2,113~0,3,113
7,1,287~7,5,287
4,0,22~9,0,22
0,8,45~4,8,45
3,7,177~3,7,177
2,1,126~3,1,126
1,1,258~3,1,258
1,0,183~5,0,183
3,3,254~3,3,254
3,9,131~7,9,131
8,3,34~8,3,34
6,0,244~6,5,244
0,9,49~3,9,49
1,6,240~7,6,240
9,6,267~9,6,287
5,4,71~5,8,71
0,3,128~6,3,128
0,7,126~6,7,126
4,3,200~4,3,200
1,5,235~1,5,235
1,2,175~3,2,175
8,1,171~8,3,171
4,3,212~5,3,212
3,5,81~5,5,81
2,2,229~2,2,229
3,3,102~3,9,102
0,9,56~3,9,56
9,4,12~9,9,12
0,3,185~0,3,185
4,2,24~5,2,24
1,3,238~1,6,238
2,0,98~7,0,98
7,3,294~7,6,294
3,1,29~3,1,29
0,7,115~4,7,115
3,8,201~8,8,201
2,2,183~9,2,183
5,1,256~5,3,256
5,3,24~5,7,24
3,9,178~9,9,178
0,0,297~3,0,297
3,7,32~7,7,32
4,7,39~6,7,39
6,3,139~6,4,139
1,2,23~7,2,23
1,2,56~7,2,56
0,2,273~0,2,273
4,7,229~9,7,229
6,0,58~6,1,58
0,0,210~0,0,210
4,2,20~4,8,20
0,0,48~2,0,48
6,0,45~6,1,45
4,0,4~7,0,4
1,0,135~1,4,135
0,0,263~0,4,263
9,1,143~9,1,143
0,3,55~0,6,55
3,3,291~3,7,291
1,0,2~2,0,2
2,3,47~3,3,47
3,7,84~6,7,84
4,0,130~4,0,130
8,4,67~8,4,67
0,2,236~0,2,236
1,4,138~1,4,138
5,3,170~5,8,170
2,1,122~3,1,122
4,1,222~4,4,222
0,5,124~3,5,124
3,2,12~6,2,12
3,3,240~4,3,240
4,9,206~4,9,206
1,8,132~2,8,132
2,0,73~2,1,73
0,4,180~0,4,180
4,6,166~4,6,166
0,4,127~0,4,127
1,1,142~6,1,142
3,7,119~8,7,119
1,8,115~4,8,115
9,0,35~9,2,35
0,0,56~0,0,56
1,5,164~1,5,164
3,0,184~8,0,184
9,1,238~9,1,238
3,0,102~4,0,102
1,4,236~1,6,236
5,1,179~5,6,179
3,0,124~3,0,124
4,4,23~5,4,23
3,5,277~3,5,277
3,5,194~3,5,194
6,0,151~6,2,151
3,2,6~3,3,6
1,9,281~1,9,281
4,7,131~8,7,131
2,4,26~2,9,26
1,2,242~1,9,242
1,2,173~3,2,173
2,2,186~9,2,186
4,0,215~8,0,215
3,1,192~8,1,192
0,1,100~0,5,100
3,0,35~3,0,35
8,2,28~8,6,28
0,4,249~1,4,249
3,2,138~3,2,138
3,8,217~9,8,217
3,5,185~4,5,185
2,2,25~2,6,25
4,5,295~9,5,295
9,1,94~9,1,94
2,4,51~9,4,51
4,4,32~8,4,32
2,5,226~8,5,226
0,1,287~3,1,287
2,0,266~3,0,266
2,3,23~3,3,23
1,8,32~2,8,32
3,9,181~5,9,181
1,3,136~1,3,136
7,1,177~7,3,177
5,3,178~5,6,178
5,3,182~5,3,182
3,4,90~3,6,90
2,4,175~4,4,175
3,0,289~7,0,289
8,2,229~8,5,229
4,3,144~9,3,144
3,1,269~3,1,269
0,0,265~2,0,265
0,5,5~3,5,5
8,3,112~8,3,112
1,5,128~2,5,128
4,0,277~4,0,277
1,9,209~7,9,209
2,7,253~2,7,253
0,5,149~8,5,149
2,0,181~4,0,181
3,2,120~9,2,120
3,9,60~8,9,60
1,5,41~2,5,41
1,4,14~2,4,14
3,7,180~7,7,180
7,3,263~7,5,263
8,2,270~8,2,270
2,5,21~5,5,21
2,9,297~3,9,297
2,3,82~5,3,82
4,7,220~6,7,220
0,7,235~3,7,235
3,9,203~8,9,203
3,3,60~8,3,60
3,5,112~7,5,112
5,0,294~5,1,294
0,3,118~2,3,118
0,4,146~3,4,146
4,7,117~8,7,117
4,1,274~7,1,274
2,0,174~2,7,174
0,6,57~6,6,57
3,2,261~3,2,261
5,2,248~5,2,248
9,4,271~9,5,271
4,3,156~5,3,156
0,9,79~1,9,79
3,4,103~3,6,103
8,0,171~8,0,171
1,8,42~4,8,42
3,5,63~7,5,63
0,3,165~2,3,165
1,6,21~1,6,21
2,8,251~5,8,251
4,4,298~4,4,298
1,8,27~1,8,27
8,0,225~8,7,225
3,7,234~5,7,234
5,3,29~5,4,29
4,3,103~9,3,103
4,9,34~8,9,34
0,1,144~0,7,144
7,1,6~7,3,6
3,1,175~3,1,175
2,7,209~3,7,209
0,8,41~3,8,41
0,7,283~3,7,283
4,5,55~6,5,55
4,5,249~7,5,249
3,0,218~3,9,218
8,3,122~8,3,122
2,1,177~6,1,177
2,4,240~9,4,240
4,6,227~5,6,227
0,9,109~3,9,109
1,3,173~1,6,173
4,3,284~9,3,284
6,4,220~6,6,220
2,9,58~7,9,58
1,8,137~1,8,137
0,9,246~4,9,246
2,9,211~5,9,211
2,6,207~3,6,207
4,6,19~9,6,19
4,2,119~6,2,119
2,9,286~6,9,286
2,0,19~4,0,19
4,0,81~6,0,81
2,1,31~3,1,31
6,1,261~6,1,261
2,7,112~6,7,112
0,2,151~5,2,151
8,1,177~8,9,177
0,0,115~0,1,115
1,0,236~7,0,236
0,1,62~0,3,62
3,7,281~7,7,281
0,7,194~3,7,194
3,1,151~3,1,151
2,2,121~2,6,121
1,7,178~6,7,178
1,2,68~4,2,68
2,3,30~9,3,30
2,8,291~5,8,291
5,0,46~5,8,46
1,4,261~6,4,261
8,4,163~8,7,163
4,2,228~5,2,228
1,8,280~8,8,280
5,2,92~5,6,92
