438368229368253, 245485193886910, 296971604044370 @ -459, 9, -56
364770530244585, 260952706020212, 235691527927950 @ -121, -74, 226
342031261064297, 225123107656530, 163842440925430 @ -148, 128, 306
310753800547705, 242607285532514, 334633495679870 @ -13, 67, -108
350155978182013, 235377730671022, 342148225110038 @ -124, 86, -138
294455366899977, 121975085960882, 299351277160086 @ -27, 361, 20
414482733370492, 235539091573309, 245413783573782 @ -400, 8, 206
367713619188936, 243577549404400, 219525260322405 @ -180, 65, 227
496027253040343, 163997628931912, 170694029486386 @ -490, 266, 316
361601138393705, 140320695162208, 155083710198838 @ -185, 308, 334
353490712288686, 248084838179470, 258208684451988 @ -120, 35, 116
326095014927521, 225940583969904, 214075191663639 @ -65, 117, 239
368332207517583, 247097863968917, 279345937525441 @ -75, -98, -35
392510479505437, 249993409094436, 142604116651666 @ -251, 74, 360
317948072437908, 297701482795757, 322185750815736 @ -62, -62, -48
383635615467001, 221494107583070, 268482587546286 @ -193, 97, 50
415131362355669, 246947379233495, 224640049174932 @ -365, -12, 284
375164306490681, 206210432756882, 271553930601094 @ -120, 211, 19
378477137072265, 295185277489842, 179033076391542 @ -216, -54, 314
455843346895413, 316676670798002, 155430968386382 @ -399, -89, 354
423616601723856, 159039859475616, 305028831187025 @ -318, 269, 13
424949605062138, 211030883132762, 239250306122241 @ -344, 159, 169
472374919005644, 167601551104709, 232422638179393 @ -422, 250, 169
499433024851833, 143218038275462, 357996927434306 @ -501, 316, -119
384450585937321, 117919130592658, 252440119470198 @ -232, 380, 128
429647822623137, 229399751355746, 173591606396718 @ -342, 113, 321
381276441536583, 232906546948862, 283429677390951 @ -195, 51, -13
327116879847102, 144983349646190, 307620234382035 @ -88, 323, -9
400174055928873, 270065694844322, 243081952630566 @ -277, -32, 165
337961306000013, 320204245246322, 201223139196426 @ -124, -97, 247
461104387573513, 184637849207042, 193506416670790 @ -499, 256, 349
360776687734661, 175448174186066, 248181880350424 @ -95, 343, 169
346748178474024, 154884906899908, 252711240225384 @ -138, 297, 128
312610762772045, 253821779805042, 307456259272036 @ -91, 71, 15
352827218338556, 235580531200270, 254019228020788 @ -28, 27, 144
431433659950563, 120829904498912, 302499548320086 @ -339, 361, 14
479495543477818, 163073800057052, 198175515375006 @ -488, 289, 278
378589225128387, 129623498630160, 265305933205910 @ -210, 404, 94
417172416065229, 213209551127690, 334886344580298 @ -330, 153, -127
461294676929308, 165828688687587, 342228212580511 @ -416, 266, -87
418664504702505, 229363722365972, 204382724610672 @ -345, 96, 307
416431444127323, 221623924882346, 302133746087496 @ -364, 115, -85
268067455135503, 313613546729574, 267729154374998 @ 6, -55, 94
407621565673948, 183555846836089, 289847010915532 @ -364, 368, -104
294238396289301, 294475447815969, 198908147998582 @ -45, -18, 238
403482793264515, 230424098894404, 294312510551760 @ -300, 80, -37
371400991481493, 238689368258662, 292720374995126 @ -111, -19, -114
424614777131673, 190003289746718, 231657050852886 @ -389, 252, 230
367364938177857, 239243592823322, 333794872695438 @ -168, 66, -137
288298335604629, 320285477452817, 259073977924860 @ -21, -84, 112
428763439147437, 182429539917737, 206704904647410 @ -397, 276, 322
370095795544475, 207984670123988, 239555461765990 @ -106, 190, 246
429312715673461, 268071807730530, 328133970671742 @ -352, 3, -76
337552793282784, 329595987658067, 273598037287896 @ -130, -104, 80
363679550517528, 199403501335958, 315435588093195 @ -164, 195, -59
354359574728643, 205158896817959, 183488757641711 @ -159, 172, 295
370165645564023, 189665679403538, 232781889655614 @ -79, 343, 326
308439578493786, 172465524574265, 166978447726581 @ -30, 260, 355
509461254635067, 267607305625736, 317691616563228 @ -488, 42, -7
387067548934521, 183353569247570, 233302791710598 @ -223, 327, 264
382655979262209, 239951334507038, 266029682220408 @ -221, 69, 91
409918547914593, 243349884716499, 264872435852054 @ -369, -42, 78
380024469155661, 178500842066118, 298119987496162 @ -216, 252, 1
383678025835445, 144235817571126, 202931784497220 @ -227, 345, 269
381585330234063, 242601765422498, 207652492570488 @ -224, 79, 241
419699368358023, 169456370998282, 303074914401296 @ -358, 323, -57
340852192075263, 263343691720358, 193030431323196 @ -124, 29, 275
365958002197923, 162614730810182, 316573457058022 @ -144, 361, -122
332248814553412, 230912941895722, 238640796734216 @ -110, 111, 160
467130832301461, 123013842753010, 204778485708090 @ -442, 383, 251
321139401372169, 151584752378924, 288907340787218 @ -25, 349, 18
407758112198316, 109364277144179, 171689125437786 @ -282, 364, 290
390664254365825, 218377768227802, 347980126775902 @ -247, 141, -84
419229811145105, 188441158893002, 270986772161922 @ -445, 331, 32
327637314216411, 203320862168168, 352239302191098 @ -91, 177, -118
364242144173493, 215919341471422, 277879794167606 @ -78, 138, -2
363436627110791, 208808374984031, 233651861365050 @ -31, 190, 314
409814231176193, 278603463354676, 175607127823271 @ -289, 9, 295
433861029080649, 211827884802546, 225493756860442 @ -417, 159, 247
332960877256073, 155231077047922, 285821827295710 @ -29, 371, 13
358510226474653, 110768374001622, 203581284984346 @ -181, 363, 226
408443341369583, 252220537722752, 226421551800796 @ -340, -56, 291
472475231781513, 201468157178162, 268863432584566 @ -504, 190, 82
277022818628443, 289606137727802, 255470093085116 @ 5, -17, 120
394501633424693, 222046121301466, 244596542394471 @ -269, 95, 215
415746774438187, 221560293387529, 292456341295963 @ -415, 98, -113
394851436425303, 208417118898017, 243958524677961 @ -275, 194, 237
393588364523013, 201740326296362, 230014642766166 @ -256, 193, 214
449000972134373, 248002323291977, 346124130777456 @ -365, 82, -64
372919243163875, 188032191827235, 258244791459502 @ -163, 270, 118
372584153919621, 303855632080850, 341906649932700 @ -195, -105, -123
394187666990013, 212432953531862, 239050333742166 @ -262, 158, 214
475868425331173, 148590894460462, 170039620097466 @ -488, 336, 365
352783306431249, 207567116751584, 221762129915700 @ -113, 173, 244
347594116125289, 226210304896550, 292962900581334 @ -121, 115, 14
409534296803673, 243158356685642, 299464202060046 @ -355, -22, -123
367213047759723, 222863312287062, 161644016259236 @ -195, 131, 328
354709694783029, 96466009750084, 178010927609695 @ -173, 393, 279
388746550216938, 233930015644562, 246169147190466 @ -222, -41, 242
391968951846455, 258756740159808, 231361432878342 @ -250, 38, 182
416992379884888, 171337917489031, 288858032434544 @ -374, 360, -32
351720586796128, 207277997732428, 354215508558147 @ -164, 165, -91
429408328597929, 200907646129730, 282759213846294 @ -445, 218, -8
356717232957513, 134838728217362, 177104244310166 @ -159, 355, 324
320255899834299, 257336336154509, 175341619535934 @ -67, 40, 326
325961906259795, 264421735925312, 220960977087576 @ -22, -24, 245
419043513107061, 189685224441656, 182773977884988 @ -307, 202, 273
422514253434549, 209754890897678, 241589362419588 @ -461, 179, 236
404476404870593, 157998515072034, 252706193982430 @ -304, 389, 141
379276300299215, 155277822454311, 242507794583532 @ -211, 332, 164
398292822608753, 186236131683912, 207649377913226 @ -277, 266, 328
385641737284926, 169039222692038, 286553885131167 @ -222, 355, -11
358781858793332, 228233494955179, 243659259998456 @ -28, 54, 220
411241692518799, 196921054553202, 296359212666910 @ -342, 231, -62
398529578988393, 201375067283202, 259110119440806 @ -273, 194, 113
385777910269879, 181824613890332, 241074571448834 @ -211, 361, 234
390191349757488, 284504002514642, 215539902077361 @ -244, -105, 271
370230987642417, 183770988724454, 343886792464248 @ -205, 213, -63
411908900046303, 234487242666467, 272921881431396 @ -315, 84, 68
434654663035364, 192166279614791, 307612228971964 @ -410, 232, -68
359903286962817, 195876067414871, 258761875472370 @ -145, 210, 114
381719538883643, 162048646115874, 302202459044466 @ -214, 335, -40
393141798432154, 229096259414446, 213767459605588 @ -256, 83, 316
379956050071179, 178995403250360, 236271689866224 @ -176, 370, 259
414438159399537, 239884287805556, 267390382741896 @ -357, 28, 75
445945593242433, 202966849196378, 244402432086270 @ -434, 188, 163
377975961995238, 255353301256575, 214661511367916 @ -174, -78, 360
456827542413615, 291257258174924, 244983146279832 @ -410, -40, 147
395968874930655, 143483248319090, 252538126167618 @ -262, 359, 132
393852503627465, 229951449309648, 266395280220156 @ -265, 38, 65
303932547957063, 242665141974310, 193374299322624 @ -24, 77, 281
389149360104628, 191073808404243, 263370841224205 @ -244, 198, 103
360941664873741, 194168869333606, 225365708804570 @ -126, 230, 249
359352720057089, 207983718020194, 254121927492998 @ -161, 167, 126
415308248697417, 257853610741684, 156131490617586 @ -297, 62, 320
343351387505667, 204656894908058, 235869839706243 @ -123, 175, 173
320138738618622, 170776962262088, 262714150001358 @ -40, 277, 102
345287720393958, 147894887872532, 330161782591086 @ -96, 369, -122
477245233553385, 226984806832706, 321801289132710 @ -425, 124, -17
423978107355616, 308536382845637, 193062287804265 @ -326, -74, 269
339664419117452, 198233258252001, 225859161660028 @ -106, 194, 204
417598832888220, 292905916211321, 184844297639559 @ -302, -10, 263
414715020415393, 232457134917222, 297462366431776 @ -341, 77, -39
453122802266425, 112083427828822, 143330186763986 @ -373, 356, 345
397140247097472, 229310489058137, 221204717480970 @ -276, 76, 298
400969480233777, 193238350446014, 264799373337686 @ -327, 322, 70
397519443914793, 282540732874946, 286150953006198 @ -269, -80, 22
442576907432809, 238945910243453, 161555334113587 @ -377, 88, 357
424485399435561, 169564605972226, 272322604913934 @ -417, 377, 47
386797268328225, 118755422604376, 179216247225044 @ -237, 390, 313
382740001956265, 246328871611810, 275592662476158 @ -193, -55, 11
421544404835631, 187974622732904, 244582828810941 @ -395, 277, 185
314925221570615, 167921451822498, 267070505056020 @ -22, 287, 89
400026251828353, 238470810395722, 228366363217286 @ -295, 17, 282
351165042916461, 212856150475190, 201094901665389 @ -85, 155, 349
419165016064329, 197061816130082, 270234239721726 @ -397, 241, 55
370395916745544, 233878759014666, 223548817468886 @ -156, 63, 270
300166693747278, 285531696408762, 316615001001292 @ 6, -49, -48
409834116561116, 271611258750147, 174257271780356 @ -298, -4, 340
404032769855273, 169058888952412, 206629957096756 @ -281, 266, 247
403686001073721, 186151324149458, 319975638851958 @ -291, 247, -98
418655247171681, 285717842084654, 220048677689226 @ -327, -56, 225
424673161840395, 184559410298351, 298174138560876 @ -327, 220, 20
409039178525101, 110451742701206, 149508450087150 @ -286, 370, 344
445466134218657, 221988540505814, 337375122338460 @ -421, 125, -137
417531512945541, 239080600527167, 282334361159079 @ -357, 46, 17
303361273155189, 233151368740418, 190201664555850 @ -48, 107, 269
386102494113030, 260458210709479, 245135510352855 @ -228, -28, 167
355974882678951, 266785969461527, 240153933392334 @ -91, -84, 198
411887355890461, 266478277862000, 256286085821630 @ -293, 37, 118
453574832942513, 241943915274362, 196192253737166 @ -388, 88, 253
406153676288765, 122407319779890, 195739367114218 @ -286, 383, 273
371352609726433, 148253652057322, 245185592165766 @ -208, 284, 140
422926820846981, 172130431122822, 292485885064642 @ -358, 296, -3
379545631438993, 186482882759229, 300867745233134 @ -209, 242, -26
485239777392277, 290071729096271, 369093492106173 @ -437, -2, -109
365999106501872, 216154751580224, 252655134341103 @ -50, 133, 167
400768437838527, 186808171571836, 191141997130940 @ -282, 248, 357
462206112670971, 279747633681668, 311995349234838 @ -488, -72, -66
461020449243678, 309274959733752, 315255598127481 @ -396, -51, -7
341059912206146, 204693910122579, 247252560142294 @ -122, 174, 142
466815494243211, 290383004739641, 194249473610062 @ -423, -26, 262
330853956086009, 308912522612638, 186080272780796 @ -97, -87, 295
365782599081123, 209594093873486, 276060004262268 @ -79, 179, 4
362948479983441, 185802822497618, 242309565291744 @ -53, 343, 231
342954930469043, 223637543755397, 193222838648446 @ -115, 124, 294
307323448170258, 317531550347522, 202518409039269 @ -54, -89, 243
408946183775553, 189312670254482, 269817034852821 @ -385, 343, 33
361080306096393, 265386265477922, 277766396889486 @ -165, 9, 61
417630581323728, 217649396704882, 249270660198516 @ -468, 119, 200
380771672525221, 262758418206214, 261885729851394 @ -215, -3, 104
397915991635611, 143699499093723, 266676874136825 @ -267, 350, 91
409604491276713, 208131217501282, 254870527570726 @ -309, 170, 127
422667377499465, 241878963771122, 255901731281910 @ -432, -14, 134
333486112052617, 179246715321446, 170716349429642 @ -113, 232, 319
428376579253953, 298158824813570, 329240400064194 @ -359, -101, -97
317539873412430, 246293881373234, 204202649791761 @ -30, 55, 275
414704934614187, 243193806781486, 234358952455312 @ -435, -85, 316
464651259404423, 158872964549121, 240915590635146 @ -479, 324, 170
396778077160833, 244213528572062, 285145134261546 @ -279, -24, -35
335677416956007, 183646033493376, 285035838969048 @ -75, 245, 32
459885360352990, 210019917254650, 185455642305282 @ -392, 159, 266
364082807362309, 195718614601816, 274575634508646 @ -23, 300, -10
362138347841727, 187416312286868, 273944504246736 @ -112, 274, 45
340222004578113, 252146720459237, 280478259299991 @ -1, -34, 11
417481071480825, 245471572152626, 208497174722598 @ -326, 57, 263
395490120707249, 94322929612414, 333454520074716 @ -257, 395, -40
346328475027888, 288878841163862, 328396124048916 @ -126, -53, -76
437792025674185, 245173874485856, 303089436226562 @ -457, 10, -84
421405757305453, 160909879103662, 290535963761911 @ -373, 371, -17
409610090140151, 229442639018130, 282650036141157 @ -323, 87, 17
412226540627973, 253808388662122, 241843726032006 @ -372, -87, 218
411344092468656, 240854969674163, 253017692821341 @ -320, 54, 135
341651985470813, 149239982937162, 192735395991376 @ -79, 371, 339
388476017127759, 155028004424036, 299376598548126 @ -238, 360, -30
424841208248933, 202986717300297, 292826697155051 @ -485, 228, -123
455132898168363, 178042709781412, 237696854410891 @ -423, 249, 171
400059354913401, 251515954372514, 241217197141782 @ -306, -102, 236
408088494575905, 245749555029892, 285130801285172 @ -293, 66, 43
376280091960651, 164772314891372, 255415291174446 @ -182, 366, 130
331315038565959, 187751258096318, 248798276182290 @ -55, 235, 146
427575908813976, 242098318701776, 154701090416559 @ -328, 89, 341
427247176069609, 220809583851412, 304295794580004 @ -377, 126, -49
478340928744213, 157737728133062, 198997333689666 @ -498, 312, 285
407756102163069, 266183451369458, 211770350089446 @ -296, -1, 250
449960560826661, 225603503734658, 267120994056810 @ -388, 123, 93
424261791447861, 162990067282154, 288129878758299 @ -357, 319, 17
403805960959197, 247675317839698, 257261107624014 @ -330, -73, 128
346106276409648, 257111998559468, 318614309076585 @ -104, 13, -77
409073763421101, 315104922707264, 295401183920856 @ -291, -92, 25
361401916173741, 224870040718640, 234120262181790 @ -11, 64, 314
485852031781719, 117798861337040, 298308894703689 @ -463, 369, 23
395658182727756, 226625738316276, 239022398794766 @ -288, 29, 310
434632783369185, 205126884242476, 320214453166231 @ -417, 185, -125
377485166575349, 172797089556160, 303938874559264 @ -191, 320, -71
365183940838617, 341298434111954, 311759191775094 @ -196, -105, 6
375496476683999, 225388501780196, 238018267441168 @ -178, 100, 207
449610525897753, 207070450375334, 297060388418986 @ -429, 172, -5
358010547404188, 228886226191887, 287291532744596 @ -104, 86, -8
422127834373173, 210329447767562, 269462891227026 @ -336, 161, 83
389574669320925, 108510259184345, 198078956887938 @ -245, 362, 234
420616840848117, 199555130633008, 238609104137372 @ -495, 272, 291
407567369071221, 236529729306356, 255083179878786 @ -347, 12, 140
471660249802300, 284677164668576, 336877871161583 @ -500, -71, -131
311840824289871, 294429641064398, 233402999612952 @ -63, -37, 172
406246660391703, 272542421226122, 333713749103706 @ -290, -13, -96
416056832414029, 212745313809518, 218500953528068 @ -383, 157, 337
457860933110818, 217849873060213, 199856884279401 @ -464, 138, 305
386155795411605, 238856947583318, 233417271666522 @ -228, 54, 213
410959927578442, 222136199030722, 250752222621403 @ -436, 71, 199
355100846982588, 279171664798532, 261248426168946 @ -134, -55, 106
432339384069445, 131831806312336, 163748651590280 @ -335, 324, 313
417504748893793, 206415326089700, 235343270901700 @ -469, 214, 319
483271684969958, 177161588532384, 322157099282897 @ -454, 233, -29
324513626351700, 234420271727548, 196115266427106 @ -60, 93, 290
347685654415638, 193478653171052, 186602793337911 @ -124, 209, 319
378501538257165, 206822633938064, 290234362087416 @ -195, 180, -15
361750522792634, 172692093312015, 250817020730611 @ -70, 398, 165
356796917274027, 189536875892732, 302606757865794 @ -63, 281, -118
419954362859433, 168429049998290, 282686194227702 @ -409, 407, -18
372080991438102, 233778502023416, 275155677740028 @ -118, 17, 8
419593604028515, 155710657457177, 257296912686219 @ -343, 346, 119
379773263203386, 202043462995235, 232148207359610 @ -210, 190, 202
423020398730133, 175112903985117, 331322352192091 @ -357, 284, -135
349225113822411, 178686204859466, 309117639484407 @ -143, 239, -13
387098944351559, 228072447342852, 168902927931830 @ -238, 116, 334
406758087870703, 247252225054380, 182311197091280 @ -284, 74, 289
495229183297068, 159409542389687, 180461639416206 @ -468, 266, 278
431210298634413, 131789304887579, 292880107605393 @ -349, 358, 27
406846594813737, 179472649937858, 267617443360278 @ -313, 295, 78
328976469426873, 123910876354202, 257999028086766 @ -91, 378, 115
348611609502013, 167874618822577, 327856467565456 @ -149, 258, -48
409226273562153, 224324210778992, 277450778658216 @ -345, 94, 15
324557383246785, 233374928140202, 249461976119406 @ -26, 86, 145
443918774028597, 242722942494098, 312928876404182 @ -423, 55, -66
485537193592124, 224920600880255, 356407586792531 @ -478, 124, -125
296120497158843, 235836898124099, 246699746820438 @ -19, 98, 142
433458640687626, 296371834503149, 301867049952279 @ -350, -48, 9
427708830800447, 222696522339220, 279843463212388 @ -400, 114, 27
394255801563159, 229798512939591, 232092695380177 @ -267, 44, 297
366267084409586, 242669458069532, 229550554136431 @ -170, 61, 205
338604831662799, 241004053535882, 282841552783987 @ -15, 31, 9
356414225962466, 283533915832818, 240378939393069 @ -136, -73, 173
460418102240313, 129695793448162, 250895952444991 @ -393, 327, 129
353579034909513, 222284437273362, 277371976696406 @ -24, 101, 7
405229698548669, 250598367379973, 243710526188289 @ -317, -32, 191
358335317937951, 104708028442442, 284286921694980 @ -182, 371, 61
431781454303574, 185348507877385, 260246173906577 @ -400, 258, 109
450019305399088, 278847066832382, 295618804606541 @ -454, -77, -15
443833762426791, 246420762446834, 333282833516478 @ -403, 55, -106
343121371116257, 254098008136435, 189442233761808 @ -113, 38, 308
402989714967411, 146716252913598, 310842958815348 @ -282, 345, -37
385269975616071, 284908564590069, 196614821818777 @ -231, -52, 291
415374129479871, 195402995906972, 242379327073521 @ -391, 261, 215
442479689766385, 249133872261034, 247174748458462 @ -412, 38, 151
497049884707675, 133181711563944, 269048162349284 @ -470, 320, 91
379135426041801, 248888715660914, 231716138697366 @ -172, -66, 285
327210054728973, 88089362886830, 246117423240942 @ -119, 405, 138
427086679053463, 202328502098587, 240856310355116 @ -431, 210, 208
337989291704196, 151546941630465, 263900530081677 @ -126, 294, 101
