2 13 31 53 72 91 137 287 723 1835 4390 9785 20407 40133 75010 134139 230712 382961 614393 951997 1419978
-4 -3 1 8 24 73 223 631 1612 3737 7965 15814 29576 52581 89515 146797 233020 359461 540665 795108 1145944
13 19 34 53 68 68 39 -38 -183 -380 -443 348 4108 16237 49380 131425 321101 737337 1612588 3386383 6864092
9 17 25 33 41 49 57 65 73 81 89 97 105 113 121 129 137 145 153 161 169
14 18 18 15 10 4 -2 -7 -10 -10 -6 3 18 40 70 109 158 218 290 375 474
-4 -2 4 27 76 169 347 684 1287 2287 3837 6156 9689 15492 25998 46375 86750 165644 315042 587609 1066658
12 19 27 36 45 63 119 266 581 1166 2161 3796 6542 11478 21079 40756 81650 165405 331927 651484 1242923
5 16 29 44 75 149 311 645 1327 2738 5680 11762 24069 48317 94875 182400 344601 643268 1194011 2217628 4142111
1 13 22 37 64 106 169 272 469 897 1866 4008 8507 17444 34316 64869 118696 213093 383615 713033 1406393
3 7 16 32 54 86 150 303 668 1496 3285 6994 14415 28836 56309 108240 206809 396137 764446 1486088 2897716
1 12 23 42 89 210 487 1058 2159 4198 7869 14312 25323 43616 73137 119428 190037 294968 447163 663006 962837
-1 -5 3 35 99 201 353 597 1060 2068 4378 9657 21484 47443 103430 222310 470837 981749 2012829 4052395 8002377
5 14 22 27 30 39 73 174 430 1017 2290 5006 10868 23774 52497 116101 254354 546973 1148227 2348427 4684125
12 16 33 67 123 219 407 813 1716 3698 7921 16631 34057 67971 132325 251643 468348 855180 1536697 2727139 4797535
13 24 39 71 141 288 589 1187 2327 4402 8013 14049 23795 39078 62463 97513 149129 223988 331099 482499 694113
10 10 10 5 -12 -39 -57 -27 116 491 1353 3273 7462 16269 33858 67086 126790 230292 407364 714809 1270160
-5 -2 1 15 46 100 187 333 623 1312 3055 7321 17070 37786 78973 156235 294075 529562 917029 1533979 2488390
9 5 13 28 47 69 95 128 173 237 329 460 643 893 1227 1664 2225 2933 3813 4892 6199
0 3 19 43 84 179 412 941 2039 4160 8049 14930 26840 47254 82316 143369 252331 453387 838675 1604436 3171483
12 22 27 38 71 142 268 471 790 1316 2283 4278 8684 18570 40466 87992 189577 405475 866033 1857870 4015216
2 13 19 30 58 114 211 376 682 1319 2731 5854 12498 25924 51675 98728 181042 319585 544931 900526 1446730
4 11 15 25 52 113 240 497 1017 2075 4212 8419 16379 30749 55443 95851 158898 252811 386421 567781 801830
-3 1 13 42 94 170 277 464 902 2047 4966 11977 27865 62095 132647 272316 538481 1027374 1893856 3378330 5846016
7 20 35 66 136 283 570 1107 2101 3963 7519 14409 27842 54057 105216 205210 401348 787799 1552278 3068427 6078021
5 6 9 21 47 103 225 476 959 1857 3550 6925 14131 30280 67006 149416 328841 704944 1462159 2927069 5655071
1 12 24 35 55 115 273 614 1254 2385 4436 8478 17094 36125 78084 168724 359377 749356 1525094 3026359 5856819
-4 -3 11 37 77 142 258 472 858 1523 2613 4319 6883 10604 15844 23034 32680 45369 61775 82665 108905
7 13 33 78 167 327 593 1008 1623 2497 3697 5298 7383 10043 13377 17492 22503 28533 35713 44182 54087
9 18 40 75 123 184 258 345 445 558 684 823 975 1140 1318 1509 1713 1930 2160 2403 2659
12 19 36 73 140 247 404 621 908 1275 1732 2289 2956 3743 4660 5717 6924 8291 9828 11545 13452
6 7 14 31 60 97 141 212 374 759 1588 3185 5980 10497 17323 27054 40214 57143 77850 101827 127820
8 20 30 40 57 107 253 619 1429 3085 6341 12691 25188 50058 99678 197760 387934 747362 1407552 2585186 4626539
-1 4 15 32 55 84 119 160 207 260 319 384 455 532 615 704 799 900 1007 1120 1239
10 8 17 47 121 275 558 1032 1772 2866 4415 6533 9347 12997 17636 23430 30558 39212 49597 61931 76445
1 5 16 41 83 144 225 333 503 839 1567 3080 5955 10962 19210 32856 57341 107033 217554 469947 1033947
-2 1 18 49 107 225 471 985 2059 4288 8837 17904 35526 69010 131552 247174 460186 853313 1581970 2937873 5464971
10 11 24 55 124 275 583 1164 2195 3953 6883 11716 19714 33296 57737 105564 207060 433459 944718 2082201 4539548
9 7 3 7 39 142 396 945 2050 4193 8278 16016 30663 58427 111089 210694 397550 743266 1371448 2490928 4452562
3 8 18 38 78 155 299 563 1044 1930 3596 6778 12850 24202 44668 79946 138205 232104 386282 660842 1214450
-2 -4 -10 -14 -14 -17 -44 -123 -261 -377 -149 1329 6277 19680 51983 123802 273740 570790 1133284 2156916 3955036
11 20 39 69 122 225 420 757 1291 2111 3455 6014 11632 24827 55988 127908 288792 637645 1373310 2889132 5956691
9 13 24 46 88 177 375 808 1712 3495 6808 12616 22264 37545 60816 95356 146650 226636 366159 647605 1282475
7 7 17 42 94 206 442 899 1697 2961 4818 7462 11388 17998 31044 60048 128467 293030 688441 1627482 3818106
7 6 13 42 103 211 401 758 1471 2920 5805 11326 21423 39085 68737 116714 191831 306058 475309 720354 1067863
12 20 28 47 88 167 319 620 1220 2390 4590 8588 15724 28549 52319 98244 190070 376703 755693 1516879 3025772
13 22 38 69 133 253 459 809 1449 2747 5558 11706 24805 51584 103931 201928 378213 684076 1197774 2035635 3366613
14 9 18 54 130 272 541 1068 2117 4205 8325 16338 31623 60100 111770 202948 359400 620633 1045628 1720350 2767416
6 13 30 55 93 163 317 669 1444 3076 6410 13096 26303 51928 100529 190272 351250 631607 1105982 1886877 3139649
-5 3 11 25 58 126 250 461 813 1414 2498 4599 8975 18604 40400 89893 200721 443432 962569 2050798 4300558
12 21 43 83 146 234 341 453 562 714 1139 2560 6860 18436 46870 112186 255355 559768 1196081 2517317 5262199
6 7 3 -3 -1 33 144 416 1007 2211 4575 9131 17843 34401 65480 122435 222945 391045 651906 1014483 1431876
14 9 0 -2 19 94 278 666 1419 2803 5263 9602 17414 32025 60324 116048 225480 437643 844290 1623488 3141241
-1 11 23 43 92 209 456 923 1733 3047 5069 8051 12298 18173 26102 36579 50171 67523 89363 116507 149864
14 24 34 46 68 118 238 525 1182 2588 5395 10695 20374 37896 69951 129670 242470 456056 856688 1594532 2921768
2 16 30 44 58 72 86 100 114 128 142 156 170 184 198 212 226 240 254 268 282
4 0 -8 -10 5 46 113 184 206 116 -62 26 1551 7362 23387 60780 139064 290568 566508 1045118 1842297
6 20 29 38 53 80 135 265 580 1296 2789 5660 10811 19532 33599 55383 87970 135292 202269 294962 420737
5 15 31 53 94 180 353 687 1335 2641 5377 11203 23500 48794 99075 195421 373465 691395 1241355 2165321 3676762
-4 -5 6 36 105 245 513 1023 1999 3852 7290 13492 24445 43722 78392 143611 273082 541497 1110010 2313740 4822613
0 -3 6 31 74 134 206 277 313 240 -52 -601 -989 651 9879 40726 125672 336495 828127 1931312 4348052
10 9 14 22 29 30 24 26 96 405 1369 3895 9815 22681 49341 103242 211377 428376 863507 1729067 3420864
-5 -10 -17 -21 -21 -13 12 70 205 570 1637 4638 12374 30559 69879 148925 298083 564310 1016471 1750541 2893481
5 1 8 39 119 285 588 1105 1981 3536 6492 12403 24423 48676 96836 191391 377061 746067 1493264 3032519 6232647
4 7 18 50 127 286 581 1089 1918 3217 5188 8100 12305 18256 26527 37835 53064 73291 99814 134182 178227
-3 0 0 0 3 12 30 60 105 168 252 360 495 660 858 1092 1365 1680 2040 2448 2907
7 2 1 12 40 82 121 122 45 -85 35 1515 7451 25376 72104 182921 428402 944126 1981420 3991356 7760685
-4 6 28 57 84 107 142 234 468 980 1968 3703 6540 10929 17426 26704 39564 56946 79940 109797 147940
4 2 8 24 48 86 167 360 805 1778 3808 7856 15576 29769 55439 102580 193304 378707 775954 1645537 3547302
11 23 39 55 64 63 64 109 289 767 1805 3795 7294 13063 22110 35737 55591 83719 122627 175343 245484
13 9 9 8 12 34 90 196 381 745 1605 3786 9128 21294 46978 97626 191797 358305 640297 1100436 1827372
14 26 50 94 180 343 630 1097 1809 2851 4370 6709 10797 19181 38525 85222 197240 457892 1041582 2298824 4909626
1 12 37 75 125 186 257 337 425 520 621 727 837 950 1065 1181 1297 1412 1525 1635 1741
-4 10 35 70 128 248 510 1063 2173 4306 8276 15506 28467 51372 91205 159155 272498 456922 749217 1200150 1877210
14 27 40 53 66 79 92 105 118 131 144 157 170 183 196 209 222 235 248 261 274
-2 -4 -11 -26 -38 -22 61 264 654 1312 2333 3826 5914 8734 12437 17188 23166 30564 39589 50462 63418
-5 1 2 -5 -18 -35 -56 -72 -29 245 1173 3686 9775 23752 55154 125303 281725 628995 1393134 3053219 6605294
-2 -2 10 32 68 124 204 306 418 514 550 460 152 -496 -1640 -3474 -6234 -10202 -15710 -23144 -32948
8 18 27 49 112 254 521 976 1725 2963 5050 8655 15064 26837 49116 92051 175130 334976 640085 1220321 2328012
-1 5 11 17 23 29 35 41 47 53 59 65 71 77 83 89 95 101 107 113 119
13 24 42 78 146 262 448 751 1285 2306 4337 8369 16165 30672 56489 100264 170915 280056 444894 701284 1148194
6 5 3 1 -4 -19 -55 -127 -254 -459 -769 -1215 -1832 -2659 -3739 -5119 -6850 -8987 -11589 -14719 -18444
9 9 10 11 12 14 19 30 51 87 144 229 350 516 737 1024 1389 1845 2406 3087 3904
9 8 9 13 32 103 313 836 1988 4309 8696 16653 30808 55989 101366 184454 338079 621546 1136747 2047829 3597468
12 12 19 32 50 72 97 124 152 180 207 232 254 272 285 292 292 284 267 240 202
7 18 36 58 82 107 133 161 193 232 282 348 436 553 707 907 1163 1486 1888 2382 2982
-5 3 16 40 78 136 243 485 1064 2409 5396 11798 25225 53100 110763 229765 474033 970151 1961888 3904780 7624608
1 -3 3 27 82 186 362 638 1047 1627 2421 3477 4848 6592 8772 11456 14717 18633 23287 28767 35166
5 18 37 74 141 253 431 705 1117 1724 2601 3844 5573 7935 11107 15299 20757 27766 36653 47790 61597
12 24 37 56 95 181 354 662 1160 1945 3305 6138 12917 29662 69688 160454 355876 758382 1558397 3104764 6029123
12 8 4 10 47 147 353 719 1310 2202 3482 5248 7609 10685 14607 19517 25568 32924 41760 52262 64627
-2 0 12 42 108 238 470 852 1442 2308 3528 5190 7392 10242 13858 18368 23910 30632 38692 48258 59508
8 22 48 84 126 181 292 581 1316 3016 6634 13916 28156 55823 110061 218092 436464 881458 1787640 3616696 7252930
4 4 11 31 73 162 351 746 1558 3196 6415 12533 23731 43450 76899 131688 218600 352516 553507 848107 1270781
2 3 -1 -4 10 62 186 464 1102 2561 5757 12344 25094 48388 88832 156012 263402 429439 678779 1043748 1566002
-1 -3 4 23 57 109 182 279 403 557 744 967 1229 1533 1882 2279 2727 3229 3788 4407 5089
4 3 2 14 47 110 229 473 993 2084 4305 8761 17801 36661 77031 164226 350765 741140 1536397 3114997 6182470
14 11 11 16 39 105 252 531 1001 1713 2675 3790 4764 5006 3640 54 -3800 3635 61891 281480 936597
13 23 28 38 75 179 411 866 1715 3303 6343 12275 23934 46853 91934 181087 359237 719759 1457654 2978700 6118593
1 11 21 31 41 51 61 71 81 91 101 111 121 131 141 151 161 171 181 191 201
12 25 37 57 98 188 376 736 1382 2514 4524 8216 15271 29288 58174 119520 252140 539507 1154835 2443583 5067876
13 13 12 7 -2 -17 -50 -124 -249 -347 -92 1377 5920 17095 41158 88438 175169 325869 576364 977563 1600098
-5 7 32 83 177 334 585 989 1670 2905 5328 10365 21089 43805 90890 185802 371857 727527 1392868 2614547 4821181
5 4 11 32 74 159 336 698 1413 2779 5323 10002 18668 35205 68289 137881 289981 629090 1387527 3069208 6739342
-2 0 15 43 84 138 205 285 378 484 603 735 880 1038 1209 1393 1590 1800 2023 2259 2508
8 9 8 0 -21 -56 -88 -60 170 931 2971 7965 19569 45487 101322 217453 450945 905878 1768337 3368917 6301644
6 4 7 26 72 156 289 482 746 1092 1531 2074 2732 3516 4437 5506 6734 8132 9711 11482 13456
6 12 25 51 93 157 256 423 744 1422 2883 5935 11991 23367 43666 78259 134874 224304 361245 565275 861985
10 5 6 20 49 94 171 341 766 1815 4258 9602 20641 42312 82971 156227 283498 497481 846758 1401792 2262601
6 2 2 9 39 119 292 627 1242 2366 4490 8699 17372 35647 74470 156829 330138 690002 1424194 2891141 5755121
6 11 11 5 -2 3 39 133 346 851 2093 5064 11751 25902 54468 110511 219146 429375 836683 1624259 3134992
11 16 17 18 33 82 183 352 620 1074 1928 3630 7012 13492 25340 46024 80657 136572 224059 357306 555595
9 20 42 81 147 262 476 901 1786 3678 7754 16476 34824 72510 147778 293660 567895 1068136 1954578 3482747 6049905
6 6 19 41 80 170 381 835 1738 3438 6519 11941 21236 36770 62081 102303 164686 259222 399387 603009 893272
-1 -2 6 33 95 220 465 944 1871 3639 6984 13326 25457 48909 94692 184867 364045 723170 1448245 2918456 5899935
12 15 14 21 50 124 278 561 1052 1930 3686 7652 17168 39935 92432 207728 448612 928705 1845110 3527191 6507230
3 3 7 18 38 81 184 426 972 2167 4720 10057 21027 43408 89264 184490 385462 814663 1734375 3694287 7818731
6 14 34 68 121 209 367 654 1161 2033 3529 6177 11157 21218 42825 91094 200932 451696 1020592 2295510 5107157
14 22 31 52 96 179 330 612 1176 2389 5105 11184 24426 52231 108650 220313 438501 864323 1701462 3366111 6714299
13 9 13 34 91 210 421 755 1241 1903 2757 3808 5047 6448 7965 9529 11045 12389 13405 13902 13651
-5 -8 -7 8 44 100 175 294 571 1343 3425 8553 20100 44169 91187 178145 331651 591986 1018377 1695726 2743060
2 10 23 40 66 124 270 619 1397 3050 6479 13544 28104 58048 119037 241029 479104 930650 1761635 3245544 5819786
9 5 15 36 72 134 240 415 691 1107 1709 2550 3690 5196 7142 9609 12685 16465 21051 26552 33084
1 6 19 50 109 206 351 554 825 1174 1611 2146 2789 3550 4439 5466 6641 7974 9475 11154 13021
14 25 50 103 203 373 639 1029 1572 2297 3232 4403 5833 7541 9541 11841 14442 17337 20510 23935 27575
4 16 33 54 85 152 318 703 1511 3073 5920 10905 19398 33583 56891 94608 154702 248918 394195 614464 942891
-2 10 24 51 112 233 447 807 1412 2456 4339 7942 15290 31060 65842 142940 312194 677482 1450314 3051949 6303260
14 20 35 70 138 254 435 700 1070 1568 2219 3050 4090 5370 6923 8784 10990 13580 16595 20078 24074
5 2 3 6 16 41 85 141 184 166 35 -149 167 2995 13899 46062 127575 313706 706539 1485140 2950322
0 5 14 26 40 61 104 193 360 657 1198 2249 4388 8770 17552 34542 66096 122145 216942 368676 596624
-4 -7 4 33 83 154 244 360 554 1003 2165 5092 12117 28453 65925 151395 344888 776641 1719186 3721355 7847335
2 4 11 29 60 98 128 129 92 79 364 1711 5869 16438 40466 91625 196818 409906 839277 1700521 3411606
10 11 10 4 2 31 138 392 903 1902 3974 8612 19371 44054 98564 213314 443408 884197 1694282 3128588 5584776
3 0 4 22 66 167 389 854 1787 3585 6920 12920 23568 42678 78257 147938 290829 592232 1233486 2589988 5420472
5 19 47 93 161 254 377 558 901 1685 3523 7595 15969 32024 60989 110612 191973 320455 516887 808873 1232321
2 2 11 29 56 92 137 191 254 326 407 497 596 704 821 947 1082 1226 1379 1541 1712
2 -3 -4 10 49 134 313 688 1473 3116 6532 13508 27352 53859 102638 188726 334048 567275 918116 1396274 1932791
0 6 26 55 92 150 263 500 1010 2144 4739 10722 24324 54418 118852 252187 519028 1036218 2008624 3785161 6944164
7 15 30 61 115 197 310 455 631 835 1062 1305 1555 1801 2030 2227 2375 2455 2446 2325 2067
2 14 35 62 102 170 291 518 982 2005 4329 9538 20778 43940 89658 177027 341390 651952 1252455 2453662 4937202
9 11 24 43 61 67 47 2 9 376 1983 6972 20072 51045 119040 260066 539376 1071399 2051312 3805348 6873660
8 22 45 73 105 141 189 290 580 1420 3646 9030 21108 46637 98141 198439 389048 746615 1416432 2682303 5112721
-3 8 21 47 97 182 313 501 757 1092 1517 2043 2681 3442 4337 5377 6573 7936 9477 11207 13137
5 9 8 2 -7 -19 -40 -86 -187 -391 -768 -1414 -2455 -4051 -6400 -9742 -14363 -20599 -28840 -39534 -53191
3 11 33 78 160 296 503 808 1287 2159 3988 8094 17348 37636 80440 167233 336801 657393 1247233 2310384 4202070
-1 1 -2 0 22 84 211 433 785 1307 2044 3046 4368 6070 8217 10879 14131 18053 22730 28252 34714
0 5 18 45 99 198 367 645 1109 1951 3679 7556 16444 36301 78747 165518 336582 665805 1292396 2484687 4767865
0 11 22 36 52 68 83 96 112 177 476 1540 4620 12298 29417 64424 131232 251719 458994 801572 1348612
11 7 12 28 55 93 143 212 341 692 1749 4713 12219 29612 67264 144947 300415 606741 1207874 2391674 4738455
-5 -3 3 20 64 156 320 583 977 1543 2337 3438 4958 7054 9942 13913 19351 26753 36751 50136 67884
0 -2 -1 1 6 29 110 339 903 2163 4768 9812 19039 35100 61865 104792 171354 271524 418317 628387 922676
0 -3 3 26 77 184 410 873 1762 3348 6014 10395 17861 31837 60889 125180 268892 582607 1241541 2568040 5129997
-1 10 26 60 133 279 563 1126 2273 4634 9454 19106 37971 73891 140475 260624 471739 833186 1436714 2420656 3988889
3 10 28 61 127 257 499 934 1707 3074 5463 9540 16257 26835 42598 64521 92283 122522 145870 142199 73331
-1 6 21 58 137 290 570 1073 1994 3763 7341 14800 30379 62334 126156 250265 486392 929079 1753005 3284695 6138730
-5 -8 -3 10 31 60 97 142 195 256 325 402 487 580 681 790 907 1032 1165 1306 1455
14 9 17 33 63 137 318 707 1447 2730 4815 8078 13144 21204 34706 58738 103604 189343 353269 662031 1230221
3 13 31 61 121 251 528 1088 2155 4077 7369 12763 21265 34219 53378 80982 119843 173437 246003 342649 469465
7 20 38 70 123 213 371 652 1166 2171 4312 9173 20450 46274 103539 225549 474921 964502 1890114 3580272 6569669
4 15 35 62 108 204 405 792 1468 2555 4232 6924 11886 22689 48661 112510 266895 630126 1462440 3327037 7424455
6 19 32 45 58 71 84 97 110 123 136 149 162 175 188 201 214 227 240 253 266
5 9 25 55 111 221 435 831 1521 2657 4437 7111 10987 16437 23903 33903 47037 63993 85553 112599 146119
14 28 44 58 65 60 41 13 -10 -9 27 77 47 -308 -1542 -4815 -12354 -27934 -56786 -103384 -163771
-5 -5 3 23 59 115 195 303 443 619 835 1095 1403 1763 2179 2655 3195 3803 4483 5239 6075
6 2 -2 -6 -4 30 152 464 1157 2616 5635 11801 24125 48052 93119 175821 324784 590246 1061244 1895940 3373338
2 15 37 71 133 254 495 975 1912 3677 6861 12355 21443 35908 58151 91323 139470 207691 302309 431055 603265
13 20 38 68 116 191 314 538 975 1823 3390 6129 10734 18408 31506 54885 98465 181726 341142 641890 1195576
11 18 30 57 106 181 283 423 669 1255 2795 6683 15849 36239 79807 170650 357515 738780 1510944 3059809 6126568
-5 -7 -9 -11 -13 -15 -17 -19 -21 -23 -25 -27 -29 -31 -33 -35 -37 -39 -41 -43 -45
7 10 27 56 91 117 105 7 -249 -764 -1673 -3150 -5413 -8729 -13419 -19863 -28505 -39858 -54509 -73124 -96453
11 7 3 5 31 121 343 790 1563 2735 4291 6039 7487 7681 4999 -3104 -20405 -52281 -106141 -191927 -322689
4 13 36 73 127 217 404 830 1784 3823 7990 16185 31759 60415 111514 199898 348356 590873 976816 1576225 2486391
4 -1 -9 -11 -1 28 88 200 398 733 1277 2127 3409 5282 7942 11626 16616 23243 31891 43001 57075
12 22 27 32 43 62 92 163 390 1075 2868 7018 15808 33450 68156 137060 277620 572912 1205237 2564936 5462693
9 17 32 57 105 212 445 904 1720 3062 5198 8733 15318 29478 62923 144138 338871 792585 1816182 4055079 8815423
12 10 21 57 129 245 418 684 1130 1932 3403 6051 10647 18303 30560 49486 77784 118910 177201 258013 367869
4 7 6 7 15 33 68 139 288 601 1252 2589 5287 10599 20742 39461 72820 130275 226090 381163 625335
2 7 8 19 58 153 358 774 1570 2999 5415 9326 15578 25885 44155 79503 152626 308535 640754 1335341 2747882
-5 -8 -11 -14 -17 -20 -23 -26 -29 -32 -35 -38 -41 -44 -47 -50 -53 -56 -59 -62 -65
5 18 36 57 87 142 254 483 944 1872 3772 7752 16246 34552 74026 158550 337327 709670 1472116 3006299 6039681
-5 -2 1 4 7 10 13 16 19 22 25 28 31 34 37 40 43 46 49 52 55
11 24 43 64 88 132 247 545 1237 2684 5463 10450 18922 32680 54195 86779 134783 203824 301043 435396 617980
-2 1 16 40 72 115 180 297 543 1113 2488 5795 13509 30717 67250 141092 283596 547177 1016312 1822858 3166902
2 5 13 21 19 1 -19 19 263 1029 2972 7445 17197 37629 78930 159611 312384 594305 1105243 2023217 3673959
7 20 41 81 148 247 381 557 802 1196 1936 3474 6867 14734 33817 81404 200289 491256 1179327 2741631 6142606
11 10 8 15 50 148 370 821 1694 3377 6681 13266 26355 51829 99785 186610 337573 589860 995870 1626449 2573560
11 25 46 75 119 194 340 656 1367 2939 6262 12925 25611 48644 88724 155890 264755 436061 698606 1091599 1667503
0 4 15 30 54 103 212 459 1022 2301 5160 11375 24413 50710 101650 196454 366188 659291 1150125 1955993 3279328
-5 6 30 72 137 237 397 672 1197 2301 4731 10071 21530 45444 94139 191337 382283 752704 1464488 2823186 5405715
7 12 28 55 98 166 282 501 940 1831 3617 7128 13909 26839 51297 97320 183485 343662 638362 1173181 2127860
14 20 30 55 118 253 505 928 1587 2591 4217 7230 13561 27574 58234 122581 251020 495054 938216 1711097 3011520
1 -2 -7 -1 29 96 213 393 649 994 1441 2003 2693 3524 4509 5661 6993 8518 10249 12199 14381
1 15 26 32 40 80 221 591 1408 3037 6110 11790 22328 42145 79756 150956 283927 527647 966958 1752352 3162508
12 25 46 76 127 231 455 917 1798 3345 5860 9670 15073 22255 31173 41399 51920 60889 65322 60736 40723
1 -3 6 27 59 101 152 211 277 349 426 507 591 677 764 851 937 1021 1102 1179 1251
1 5 13 30 66 139 282 563 1138 2380 5167 11484 25625 56522 122187 258172 533868 1084527 2175472 4332780 8610881
10 10 10 10 10 10 10 10 10 10 10 10 10 10 10 10 10 10 10 10 10
8 20 44 82 136 208 300 414 552 716 908 1130 1384 1672 1996 2358 2760 3204 3692 4226 4808
10 13 11 18 46 113 255 556 1221 2742 6244 14149 31372 67390 139760 280139 544906 1034886 1934189 3590497 6685524
12 11 21 37 62 118 255 562 1193 2425 4776 9253 17915 35199 71004 147606 314530 679315 1469015 3149509 6650828
14 12 11 10 15 52 188 570 1492 3510 7645 15751 31206 60276 114951 219057 421594 825645 1649905 3356687 6912117
12 9 13 32 83 196 425 867 1686 3139 5619 9779 16900 29860 55462 109745 229794 499664 1106765 2463267 5464143
3 -1 -5 -7 1 34 119 301 660 1363 2799 5883 12666 27460 58826 123119 251185 502047 992663 1964413 3931175
4 1 0 5 21 55 113 202 357 719 1690 4185 10004 22413 47279 95794 191362 386261 799188 1694101 3635727
-1 -4 7 45 122 257 491 920 1762 3485 7039 14261 28581 56315 109238 210092 404807 789700 1571153 3193899 6610818
0 -3 -8 -7 8 45 112 217 368 573 840 1177 1592 2093 2688 3385 4192 5117 6168 7353 8680
1 15 29 43 57 71 85 99 113 127 141 155 169 183 197 211 225 239 253 267 281
