12 22 34 61 112 196 334 581 1068 2079 4190 8526 17248 34475 67986 132244 253548 478460 887082 1613283 2874608
10 19 38 71 120 195 323 565 1062 2145 4560 9874 21131 43792 86871 163897 292811 493111 777577 1135051 1500563
3 5 7 9 11 13 15 17 19 21 23 25 27 29 31 33 35 37 39 41 43
4 17 42 79 132 217 365 617 1018 1635 2645 4571 8811 18750 42033 95098 211940 460449 971720 1990691 3960586
4 13 26 57 124 249 456 766 1199 1809 2799 4789 9341 19881 43199 91754 187062 364501 679928 1218569 2106714
0 5 11 30 81 202 463 992 2036 4091 8154 16177 31831 61710 117134 216811 390960 688463 1191085 2044894 3533853
0 -3 0 5 6 -1 -17 -45 -103 -239 -523 -956 -1178 230 7180 28781 84281 212299 489107 1067059 2258033
10 20 42 89 182 347 613 1019 1648 2728 4874 9591 20216 43547 92489 190141 375854 713908 1305586 2305565 3943698
-2 5 17 36 64 103 155 222 306 409 533 680 852 1051 1279 1538 1830 2157 2521 2924 3368
-2 4 10 19 33 50 63 70 112 374 1421 4711 13662 35810 87084 200129 440286 935984 1936236 3919071 7795267
14 27 48 90 167 299 517 868 1420 2267 3534 5382 8013 11675 16667 23344 32122 43483 57980 76242 98979
-3 3 18 44 79 121 173 259 462 996 2326 5358 11745 24406 48434 92648 172039 311097 547195 931491 1522093
8 14 31 73 167 350 668 1176 1938 3026 4527 6598 9673 15036 26144 51329 108844 235662 502007 1034311 2050171
-3 7 20 39 67 107 162 235 329 447 592 767 975 1219 1502 1827 2197 2615 3084 3607 4187
13 24 42 81 154 276 462 726 1088 1593 2335 3470 5217 7914 12350 20884 40407 89314 213068 518219 1245892
8 4 10 36 97 220 453 881 1652 3016 5378 9369 15960 26710 44414 74856 131433 246876 501765 1091299 2476528
3 0 11 37 75 122 192 358 836 2135 5308 12353 26836 54865 106702 199719 364454 658039 1195066 2218766 4262498
1 8 11 16 40 110 269 595 1238 2474 4771 8877 16001 28303 50189 91389 173567 343384 696651 1420650 2865094
4 14 29 57 103 183 335 632 1215 2374 4725 9574 19638 40421 82733 167105 331206 641822 1213525 2236855 4019673
-5 -2 13 47 120 277 609 1284 2592 5020 9395 17161 30879 55045 97310 170189 293453 497808 831598 1375044 2273044
6 11 24 45 77 122 180 256 382 676 1490 3752 9692 24270 57828 130876 282783 588146 1189165 2362276 4657956
1 9 21 32 37 35 41 118 441 1405 3789 8988 19325 38455 71873 127538 216625 354417 561349 864216 1297557
9 5 0 6 35 99 210 380 621 945 1364 1890 2535 3311 4230 5304 6545 7965 9576 11390 13419
8 13 18 25 40 79 179 414 916 1901 3700 6795 11860 19807 31837 49496 74736 109981 158198 222973 308592
-2 -6 -15 -24 -28 -22 -1 40 106 202 333 504 720 986 1307 1688 2134 2650 3241 3912 4668
7 2 3 10 37 120 336 841 1934 4158 8464 16501 31181 57857 106836 198669 374917 719158 1396229 2722536 5287265
7 9 11 20 42 91 195 411 861 1801 3735 7586 14936 28347 51775 91089 154707 254361 406003 630864 956678
14 10 7 18 69 206 512 1135 2331 4536 8498 15524 27928 49804 88293 155565 271796 469486 799537 1339590 2205207
7 9 19 33 60 134 332 794 1742 3506 6588 11831 20806 36582 65101 117455 213517 387811 699729 1253361 2239596
-4 8 27 59 117 227 443 882 1787 3627 7248 14098 26562 48460 85782 147759 248398 408642 659353 1045357 1630835
-1 -3 -1 19 81 229 543 1165 2349 4567 8731 16645 31906 61665 119994 234175 456183 883217 1693707 3209327 5999931
6 7 19 42 76 134 257 535 1135 2333 4542 8334 14495 24264 40138 68035 122268 235779 479509 996746 2060918
4 14 32 58 92 134 184 242 308 382 464 554 652 758 872 994 1124 1262 1408 1562 1724
-5 -6 3 18 48 116 265 569 1158 2284 4496 9082 19119 41815 93431 209105 461691 996972 2098853 4310810 8666388
2 13 25 40 68 140 321 723 1518 2951 5353 9154 14896 23246 35009 51141 72762 101169 137849 184492 243004
-3 -2 1 17 62 154 321 623 1186 2237 4112 7189 11702 17495 24148 32896 54007 127888 376939 1120845 3114706
8 17 23 39 76 144 258 446 763 1317 2321 4219 8022 16175 34644 77667 178240 410995 941965 2136425 4790430
-5 -1 10 39 96 190 329 520 769 1081 1460 1909 2430 3024 3691 4430 5239 6115 7054 8051 9100
14 23 28 43 82 159 288 483 758 1127 1604 2203 2938 3823 4872 6099 7518 9143 10988 13067 15394
1 12 23 34 45 56 67 78 89 100 111 122 133 144 155 166 177 188 199 210 221
12 16 31 71 161 333 620 1058 1701 2649 4084 6304 9740 14936 22467 32765 45818 60702 74901 83365 77251
-1 -5 -14 -27 -46 -79 -135 -211 -271 -217 148 1165 3372 7565 14867 26805 45395 73235 113606 170581 249142
-2 -3 -7 -4 30 131 342 702 1226 1873 2499 2792 2186 -249 -5944 -16998 -36378 -68155 -117779 -192396 -301210
12 7 5 6 17 50 131 321 746 1633 3356 6524 12231 22810 43901 89501 193072 429891 958739 2094762 4429781
14 20 38 80 168 329 598 1042 1813 3237 5954 11150 20979 39378 73652 137474 256336 477034 883510 1622348 2942474
-2 0 8 33 81 153 256 437 854 1898 4385 9868 21216 43845 88513 177708 359968 741140 1550792 3279760 6958561
13 21 24 28 40 64 101 163 315 769 2070 5436 13342 30472 65203 131831 253801 468261 832324 1431492 2390772
-1 6 21 39 59 87 141 262 549 1261 3061 7514 17996 41231 89750 185633 365847 689060 1242417 2143313 3523765
0 13 26 36 51 104 264 644 1404 2745 4888 8030 12267 17472 23114 28002 29936 25245 8190 -29792 -101029
4 9 19 45 104 225 453 858 1567 2848 5286 10102 19677 38354 73602 137637 249606 438451 746581 1234491 1986478
0 5 6 4 6 32 123 346 790 1547 2685 4271 6644 11463 24712 64074 175296 466098 1173286 2791993 6321514
8 20 32 44 68 138 319 727 1578 3286 6632 13044 25101 47589 89971 172329 339356 692107 1457442 3135079 6800438
12 25 36 52 86 164 328 644 1231 2333 4473 8778 17689 36547 77107 165089 355750 764621 1625650 3396908 6945912
-4 -1 2 5 8 11 14 17 20 23 26 29 32 35 38 41 44 47 50 53 56
1 2 8 26 71 165 341 649 1164 2006 3400 5835 10441 19837 40024 84656 184719 410194 917220 2047080 4525783
3 17 29 46 85 173 347 654 1151 1905 2993 4502 6529 9181 12575 16838 22107 28529 36261 45470 56333
3 1 5 23 67 162 356 738 1476 2893 5614 10844 20882 40059 76461 145171 274537 518469 980459 1859533 3535445
-5 6 17 28 39 50 61 72 83 94 105 116 127 138 149 160 171 182 193 204 215
2 16 31 55 103 192 344 596 1025 1802 3292 6217 11896 22570 41811 75002 129860 216956 350165 546955 828397
-5 3 9 12 19 46 119 275 563 1045 1797 2910 4491 6664 9571 13373 18251 24407 32065 41472 52899
4 2 8 34 101 245 531 1074 2068 3830 6872 12021 20630 35000 59334 101980 180552 332966 639780 1266848 2542639
13 12 9 11 39 130 339 741 1433 2536 4197 6591 9923 14430 20383 28089 37893 50180 65377 83955 106431
6 4 9 21 50 122 284 622 1305 2667 5338 10434 19815 36419 64679 111029 184504 297438 466263 712411 1063320
13 15 25 45 86 167 316 576 1018 1773 3115 5653 10711 20978 41489 80957 153418 280054 490856 825392 1331383
1 4 5 17 58 159 384 865 1861 3862 7781 15320 29679 56935 108724 207475 396736 761907 1472680 2871186 5656019
9 8 8 22 71 190 448 983 2055 4134 8069 15437 29271 55565 106355 205961 403445 796952 1580022 3127124 6146831
13 25 51 95 161 253 375 531 725 961 1243 1575 1961 2405 2911 3483 4125 4841 5635 6511 7473
-5 5 15 25 35 45 55 65 75 85 95 105 115 125 135 145 155 165 175 185 195
0 -5 3 24 65 152 351 805 1806 3944 8417 17655 36515 74451 149261 293270 563132 1054833 1925959 3427866 5951061
3 2 4 7 18 49 127 324 824 2055 4925 11212 24169 49416 96202 179131 320457 553064 924258 1500509 2373292
1 15 28 51 95 170 280 422 593 817 1227 2289 5374 14148 37804 98262 245557 589459 1362106 3037911 6555965
4 8 21 50 105 209 416 851 1792 3831 8188 17325 36146 74331 150835 302440 599706 1176064 2279657 4363734 8241429
8 16 37 82 171 338 637 1149 1990 3320 5353 8368 12721 18858 27329 38803 54084 74128 100061 133198 175063
7 18 27 35 48 85 183 402 841 1691 3387 6988 15025 33235 73884 161838 345263 713956 1430007 2777997 5245538
14 27 36 55 98 183 339 624 1173 2319 4879 10794 24499 55749 125260 275627 591832 1238651 2526958 5028041 9765552
-4 -8 -5 5 22 46 77 115 160 212 271 337 410 490 577 671 772 880 995 1117 1246
-3 -3 -8 -21 -38 -42 3 158 515 1203 2394 4309 7224 11476 17469 25680 36665 51065 69612 93135 122566
11 14 15 17 21 26 38 96 322 997 2655 6182 12936 25028 46245 84893 161541 328060 710835 1602775 3649135
13 16 33 61 98 148 230 404 825 1839 4142 9033 18804 37323 70879 129370 227925 389058 645455 1043493 1647582
0 10 20 25 19 -7 -70 -208 -505 -1133 -2415 -4904 -9438 -17017 -28029 -39570 -37865 20830 254777 955187 2795442
-5 -1 11 42 103 206 362 584 913 1494 2737 5605 12077 25839 53260 104713 196303 352065 606695 1008876 1625259
0 14 32 60 115 235 489 990 1914 3528 6230 10604 17493 28093 44071 67710 102084 151266 220572 316844 448775
0 3 10 21 44 96 200 384 699 1284 2512 5253 11308 24158 50445 103254 209639 427555 882610 1845218 3888823
7 14 28 47 80 142 260 489 934 1766 3207 5441 8385 11226 11597 4227 -21143 -82834 -211602 -456677 -893898
9 6 5 6 9 14 21 30 41 54 69 86 105 126 149 174 201 230 261 294 329
12 13 19 31 50 87 180 420 998 2298 5077 10792 22156 44030 84786 158307 286824 504827 864327 1441789 2347102
-4 1 4 14 53 157 377 794 1571 3084 6203 12833 26874 55818 113270 222759 423294 777219 1381030 2379936 3987075
14 20 24 28 34 44 60 84 118 164 224 300 394 508 644 804 990 1204 1448 1724 2034
4 -1 2 24 72 150 261 409 605 894 1442 2754 6138 14603 34540 78925 173678 370689 774638 1597220 3263344
-5 -5 0 18 58 141 311 646 1269 2359 4162 7002 11292 17545 26385 38558 54943 76563 104596 140386 185454
-1 10 17 18 7 -13 -8 122 602 1883 4810 10889 22692 44446 82859 148243 256001 428552 697775 1108060 1720061
14 10 6 2 -2 -6 -10 -14 -18 -22 -26 -30 -34 -38 -42 -46 -50 -54 -58 -62 -66
13 8 12 36 102 243 503 937 1611 2602 3998 5898 8412 11661 15777 20903 27193 34812 43936 54752 67458
-3 11 24 40 69 136 300 695 1614 3661 8008 16832 34099 67065 129292 246843 471010 904142 1751147 3420339 6717556
9 6 5 1 -11 -36 -79 -145 -239 -366 -531 -739 -995 -1304 -1671 -2101 -2599 -3170 -3819 -4551 -5371
7 15 26 49 90 149 217 273 285 220 62 -179 -512 -1147 -2920 -7970 -20135 -42697 -65996 -24845 322692
10 9 4 -5 -18 -35 -56 -81 -110 -143 -180 -221 -266 -315 -368 -425 -486 -551 -620 -693 -770
-3 6 28 61 104 156 211 259 303 402 750 1801 4450 10280 21885 43279 80401 141726 238992 388053 609868
4 6 22 62 136 254 426 662 972 1366 1854 2446 3152 3982 4946 6054 7316 8742 10342 12126 14104
14 16 30 56 94 144 206 280 366 464 574 696 830 976 1134 1304 1486 1680 1886 2104 2334
12 19 25 40 82 177 373 765 1528 2953 5475 9670 16178 25479 37407 50231 59060 53239 12293 -100156 -345230
3 14 29 62 136 291 601 1199 2309 4284 7649 13148 21794 34921 54237 81877 120455 173114 243573 336170 455900
-1 4 10 19 45 124 329 794 1748 3559 6803 12418 22092 39181 70672 131011 249021 479654 922968 1753509 3264223
-5 6 30 73 147 284 557 1109 2200 4292 8202 15376 28413 52188 96471 182172 355949 723238 1520430 3268071 7088507
14 27 44 71 116 200 366 700 1378 2753 5496 10805 20696 38390 68810 119202 199894 325207 514532 793587 1195868
2 16 39 76 143 265 477 834 1435 2464 4248 7327 12518 20932 33894 52806 79376 117676 181797 317378 653369
-4 7 22 48 101 206 397 717 1218 1961 3016 4462 6387 8888 12071 16051 20952 26907 34058 42556 52561
7 15 24 47 107 248 554 1184 2429 4804 9199 17127 31127 55413 96917 166970 284019 478013 797434 1320431 2172171
7 6 7 15 35 72 144 305 670 1440 2942 5727 10808 20170 37745 71117 134305 252066 466265 844975 1495097
4 16 24 27 23 17 41 187 659 1852 4465 9651 19200 35741 62936 105623 169846 262688 391798 564475 786141
-1 1 14 41 90 182 368 753 1537 3100 6180 12220 23992 46643 89350 167818 307907 550731 959634 1629515 2699046
11 15 25 37 47 54 61 76 123 277 751 2101 5691 14688 36051 84252 187835 400395 818157 1607069 3043207
11 6 7 18 50 117 233 415 704 1232 2400 5299 12612 30405 71522 161913 352476 741453 1516985 3037446 5980579
-5 6 17 31 56 107 204 366 611 991 1733 3643 9100 24305 64135 162355 392795 912776 2051005 4482475 9569280
13 11 9 7 5 3 1 -1 -3 -5 -7 -9 -11 -13 -15 -17 -19 -21 -23 -25 -27
7 19 33 56 101 190 354 643 1170 2224 4498 9489 20138 41789 83557 160206 294649 521193 889663 1470550 2361339
11 19 40 78 146 271 511 989 1963 3970 8112 16603 33782 67936 134491 261444 498355 930829 1703232 3053444 5364802
9 23 38 56 90 160 286 478 723 969 1106 944 188 -1590 -4982 -10778 -20003 -33957 -54258 -82888 -122242
9 21 32 38 40 50 108 305 818 1980 4442 9546 20134 42207 88210 183432 378382 772509 1558941 3106870 6108787
4 15 40 81 147 252 411 629 879 1072 1035 531 -619 -2211 -2972 688 16622 59385 152182 326253 615311
1 5 11 23 52 125 302 696 1491 2953 5429 9329 15086 23089 33584 46538 61461 77181 91567 101195 100952
8 17 36 68 130 251 484 928 1770 3368 6413 12239 23403 44740 85215 161041 300710 552875 998828 1773962 3110602
14 9 11 33 84 173 319 576 1095 2264 5006 11383 25754 56877 121574 251014 501555 973846 1847216 3442396 6336243
-5 -7 -8 -3 10 37 97 245 617 1511 3541 7943 17170 35979 73274 145007 278431 517917 932358 1623849 2736810
8 21 34 54 100 199 392 754 1428 2672 4922 8896 15842 28254 51917 101309 212726 473913 1086978 2495356 5629362
2 15 40 73 105 117 89 34 74 589 2492 7716 20048 46517 99656 201163 387897 721958 1308063 2323702 4070366
-2 1 11 34 81 173 345 652 1189 2152 3988 7717 15576 32268 67365 139948 287632 584203 1174021 2338480 4622283
-5 -1 10 32 72 144 283 575 1211 2578 5417 11126 22389 44490 87926 173234 339236 656178 1245793 2312333 4195275
-5 -4 4 25 64 128 225 367 585 965 1715 3281 6560 13329 27136 55081 111119 221658 434142 828737 1531776
5 3 10 22 41 72 122 201 325 521 834 1336 2137 3398 5346 8291 12645 18943 27866 40266 57193
5 4 17 45 103 234 534 1186 2504 5004 9556 17747 32738 61196 117433 231846 467343 949948 1923571 3844465 7538729
7 18 30 44 75 152 318 630 1159 1990 3222 4968 7355 10524 14630 19842 26343 34330 44014 55620 69387
6 3 10 38 111 271 594 1216 2379 4514 8381 15285 27382 48080 82527 138161 225276 357533 552316 830800 1217561
13 11 15 24 41 73 131 230 389 631 983 1476 2145 3029 4171 5618 7421 9635 12319 15536 19353
9 19 24 28 36 65 153 374 864 1855 3712 6983 12515 21771 37615 66025 119459 222947 424424 811366 1536454
-2 -5 -2 12 55 160 387 845 1724 3337 6172 10954 18717 30886 49369 76659 115946 171239 247498 350776 488371
6 19 46 87 142 211 294 391 502 627 766 919 1086 1267 1462 1671 1894 2131 2382 2647 2926
9 13 31 63 112 184 288 436 643 927 1309 1813 2466 3298 4342 5634 7213 9121 11403 14107 17284
13 27 54 107 212 405 728 1221 1907 2767 3702 4479 4658 3497 -168 -8071 -22695 -47485 -87098 -147693 -237264
13 11 14 17 18 22 55 183 535 1335 2958 6049 11799 22582 43355 84568 167966 337956 684023 1385854 2805969
5 18 37 72 129 214 339 536 884 1551 2862 5452 10689 21802 46575 103145 231535 515506 1123309 2384904 4943989
11 25 47 77 115 161 215 277 347 425 511 605 707 817 935 1061 1195 1337 1487 1645 1811
2 3 8 12 22 53 124 254 458 743 1104 1520 1950 2329 2564 2530 2066 971 -1000 -4140 -8794
13 27 46 70 103 149 205 249 216 -47 -846 -2680 -6085 -10807 -13160 976 72915 308767 960034 2590302 6409563
8 5 2 8 27 53 67 41 -48 -193 -322 -256 335 1971 5387 11533 21536 36609 57890 86192 121643
12 16 20 36 80 178 379 780 1572 3121 6103 11716 21994 40247 71646 123962 208452 340862 542486 841180 1272180
14 11 17 40 99 223 461 913 1802 3621 7421 15369 31809 65207 131547 259958 501590 943055 1726225 3077102 5348359
6 2 4 23 77 186 371 666 1150 2001 3564 6422 11489 20247 35479 63275 117790 231308 473724 987721 2048829
5 0 6 31 93 219 457 913 1830 3731 7653 15504 30580 58284 107094 189832 325291 540282 872168 1371957 2108031
9 7 4 13 57 167 380 737 1281 2055 3100 4453 6145 8199 10628 13433 16601 20103 23892 27901 32041
5 6 13 28 62 130 253 467 842 1517 2765 5132 9778 19332 39912 85510 186743 407036 870593 1807912 3625890
8 20 29 30 18 -12 -65 -146 -260 -412 -607 -850 -1146 -1500 -1917 -2402 -2960 -3596 -4315 -5122 -6022
1 0 5 12 24 61 166 421 987 2182 4611 9362 18282 34347 62140 108451 183013 299388 476017 737448 1115756
1 4 15 40 96 211 419 748 1204 1754 2318 2807 3305 4603 9468 25287 69083 176376 415977 913578 1887958
6 15 32 52 71 86 95 97 92 81 66 50 37 32 41 71 130 227 372 576 851
9 22 33 47 75 135 253 464 813 1356 2161 3309 4895 7029 9837 13462 18065 23826 30945 39643 50163
8 6 12 34 94 242 571 1240 2518 4867 9098 16684 30436 55995 105034 201791 395706 784764 1557174 3064371 5948436
6 7 6 -2 -26 -77 -166 -302 -490 -729 -1010 -1314 -1610 -1853 -1982 -1918 -1562 -793 534 2590 5574
11 7 17 39 76 145 299 668 1530 3436 7432 15444 30917 59824 112184 204247 361517 622789 1045371 1711645 2737090
4 14 31 69 154 330 667 1276 2336 4138 7151 12115 20166 32998 53067 83842 130108 198326 297055 437441 633778
0 4 8 12 16 20 24 28 32 36 40 44 48 52 56 60 64 68 72 76 80
13 27 40 50 67 117 260 618 1411 2999 5934 11052 19707 34409 60450 109736 209317 419738 873829 1857928 3980565
8 13 21 32 46 63 83 106 132 161 193 228 266 307 351 398 448 501 557 616 678
7 9 9 20 65 181 424 888 1765 3487 7005 14274 29027 57935 112264 210154 379659 662701 1120105 1837896 2935053
9 9 20 53 127 269 520 942 1625 2707 4446 7421 12987 24163 47186 94010 186057 359525 672512 1214109 2115431
2 6 15 33 59 84 101 125 218 519 1302 3151 7503 18175 45258 114271 286266 699484 1651369 3752901 8207531
6 17 30 42 58 91 173 374 839 1864 4048 8587 17832 36341 72864 144126 282212 549531 1070354 2099088 4169054
-4 9 22 33 48 78 137 246 455 910 2018 4803 11603 27335 61655 132466 271382 531943 1001598 1818733 3196322
0 5 12 33 93 225 465 847 1398 2133 3050 4125 5307 6513 7623 8475 8860 8517 7128 4313 -375
2 7 19 45 92 167 277 429 630 887 1207 1597 2064 2615 3257 3997 4842 5799 6875 8077 9412
5 7 7 1 -8 4 108 465 1398 3511 7891 16483 32856 63836 122949 237401 461567 901855 1760595 3410581 6517444
1 1 12 29 59 126 289 674 1530 3341 7066 14639 29945 60620 121289 239477 466869 901724 1734597 3341801 6474255
14 21 36 57 77 96 145 325 865 2210 5163 11132 22588 43953 83386 156510 294432 561235 1091846 2172075 4402207
9 20 30 41 53 63 64 39 -59 -344 -1024 -2313 -3957 -3781 5928 46433 168969 486532 1232690 2866349 6252369
7 7 7 7 7 7 7 7 7 7 7 7 7 7 7 7 7 7 7 7 7
12 21 41 80 149 264 443 699 1026 1377 1648 1729 1788 3153 10507 36721 112756 307185 764103 1776626 3929715
-1 -6 -12 -19 -27 -33 -30 -10 39 174 646 2298 7485 22021 59040 146251 338943 742338 1548592 3096011 5960997
5 2 -2 -9 -13 0 52 173 401 782 1370 2227 3423 5036 7152 9865 13277 17498 22646 28847 36235
1 10 16 29 55 105 209 442 974 2161 4699 9868 19898 38494 71562 128183 221887 372284 607114 964783 1497457
10 22 44 82 149 271 493 885 1548 2620 4282 6764 10351 15389 22291 31543 43710 59442 79480 104662 135929
-4 0 10 35 79 142 218 299 404 662 1488 3901 10043 23968 52780 108209 208724 382292 669902 1129983 1843855
12 21 27 35 56 120 284 647 1383 2807 5498 10521 19832 37049 68986 128766 242082 459437 879193 1689283 3239844
7 12 17 22 27 32 37 42 47 52 57 62 67 72 77 82 87 92 97 102 107
14 18 23 27 28 24 13 -7 -38 -82 -141 -217 -312 -428 -567 -731 -922 -1142 -1393 -1677 -1996
12 7 13 30 58 97 147 208 280 363 457 562 678 805 943 1092 1252 1423 1605 1798 2002
-1 8 13 12 14 41 133 366 889 1996 4273 8898 18224 36841 73393 143520 274403 511512 928293 1639680 2820482
-5 2 5 12 27 59 126 257 495 904 1583 2690 4479 7353 11936 19167 30419 47646 73561 111848 167411
4 1 0 7 31 87 200 406 757 1347 2385 4349 8262 16137 31643 61048 114498 207693 364022 617219 1014601
-1 11 27 60 135 303 652 1313 2465 4348 7307 11930 19433 32628 58172 111501 227195 479977 1025859 2180192 4561075
7 16 37 65 96 122 135 146 227 592 1753 4837 12267 29258 67058 149720 327627 703280 1478353 3036169 6081118
11 18 20 20 27 56 128 270 515 902 1476 2288 3395 4860 6752 9146 12123 15770 20180 25452 31691
10 12 20 32 52 97 200 420 870 1774 3564 7028 13520 25243 45616 79736 134946 221520 353476 549528 834188
-4 6 26 66 136 246 406 626 916 1286 1746 2306 2976 3766 4686 5746 6956 8326 9866 11586 13496
11 22 28 26 13 -17 -70 -135 -148 63 858 2925 7589 17559 38705 84096 182797 398440 867532 1876964 4017857
5 3 9 31 77 153 271 474 883 1766 3632 7381 14617 28384 54850 106882 211073 420653 837899 1651219 3194093
4 8 24 65 141 264 453 739 1170 1816 2774 4173 6179 9000 12891 18159 25168 34344 46180 61241 80169
-2 -7 -16 -23 -12 48 216 595 1354 2766 5288 9757 17892 33525 65396 133013 278086 585495 1219760 2485673 4925268
3 12 35 75 130 193 257 323 413 607 1159 2816 7586 20414 52609 128571 298637 663031 1415375 2919524 5841524
12 24 44 82 158 304 567 1010 1704 2701 3981 5377 6511 6864 6364 7526 21592 83890 288650 862080 2306472
3 10 18 36 78 176 407 934 2061 4302 8464 15744 27840 47076 76541 120242 183271 271986 394206 559420 779010
4 15 39 75 131 224 380 634 1030 1621 2469 3645 5229 7310 9986 13364 17560 22699 28915 36351 45159
