0 9 15 15 12 23 88 292 810 1991 4523 9779 20542 42445 86641 174471 345359 670208 1275094 2385982 4418383
2 6 6 9 22 52 106 191 314 482 702 981 1326 1744 2242 2827 3506 4286 5174 6177 7302
4 4 18 50 102 177 280 414 569 714 837 1153 2738 9078 29384 85064 221518 528500 1173752 2456552 4890338
6 12 31 75 163 334 664 1284 2400 4321 7507 12660 20904 34152 55881 92820 158670 282206 524411 1013333 2012093
-5 -5 3 23 59 115 195 303 443 619 835 1095 1403 1763 2179 2655 3195 3803 4483 5239 6075
-3 4 11 22 43 94 222 515 1117 2244 4201 7400 12379 19822 30580 45693 66413 94228 130887 178426 239195
3 15 39 70 113 180 282 421 599 873 1497 3204 7693 18398 41628 88179 175531 330755 594267 1024578 1704201
5 2 7 17 39 96 231 520 1114 2343 4946 10550 22619 48253 101488 209236 421896 832270 1609252 3057827 5726412
7 16 27 47 90 187 395 802 1539 2827 5118 9441 18145 36369 74851 155322 321137 658741 1341390 2717547 5486616
-2 1 16 44 84 139 233 439 918 1969 4090 8050 14972 26427 44539 72101 112702 170865 252196 363544 513172
-1 11 35 71 128 224 386 650 1061 1673 2549 3761 5390 7526 10268 13724 18011 23255 29591 37163 46124
-2 -2 -3 -6 -9 -7 8 47 124 256 463 768 1197 1779 2546 3533 4778 6322 8209 10486 13203
14 26 37 61 114 216 398 714 1254 2158 3655 6209 10965 20877 43200 94483 209866 459436 975792 1999314 3952602
-5 7 33 77 142 242 413 726 1300 2320 4082 7119 12519 22647 42670 83664 168943 347344 722362 1518413 3233992
1 1 6 11 9 -3 -15 5 117 409 988 1959 3389 5253 7359 9249 10073 8433 2194 -11741 -37695
7 12 25 49 97 187 351 672 1372 2983 6642 14560 30724 61900 119014 218997 387189 660406 1090783 1750515 2737627
8 6 9 21 43 75 119 183 298 578 1385 3715 10010 25755 62514 143677 315532 669170 1384812 2822535 5707835
-2 11 34 80 170 336 622 1089 1841 3103 5398 9890 18989 37360 73552 142579 269960 497979 895282 1571412 2698524
13 9 10 15 31 68 129 192 182 -64 -827 -2506 -5546 -10231 -16254 -21947 -23021 -10629 31476 130961 332433
1 15 30 55 107 219 444 868 1646 3077 5737 10693 19826 36297 65197 114430 195887 326979 532608 847667 1320173
5 9 27 67 140 255 415 616 865 1256 2175 4746 11680 28748 67167 147265 303877 594019 1107491 1981173 3417900
4 7 17 41 83 153 287 577 1211 2531 5127 10006 18934 35198 65365 123281 238814 476123 970197 1997075 4104045
-3 -5 -9 -12 -10 8 78 293 848 2095 4600 9182 16903 29007 46969 73298 114884 193100 369626 805825 1889317
2 0 10 39 91 162 235 286 309 361 627 1533 4031 10402 26351 65907 161824 385970 886788 1954551 4130087
0 6 25 53 97 186 379 765 1464 2656 4682 8285 15124 28873 57635 119248 252604 540702 1155275 2439049 5050719
3 17 29 39 52 75 120 221 468 1065 2429 5371 11469 23923 49587 103678 220122 472995 1018700 2175655 4571075
-3 -3 -3 -3 -3 -3 -3 -3 -3 -3 -3 -3 -3 -3 -3 -3 -3 -3 -3 -3 -3
7 10 24 59 120 203 299 411 603 1112 2574 6460 15909 37304 83192 177554 365105 727492 1411428 2677829 4988612
3 6 10 17 35 88 239 640 1631 3914 8827 18732 37501 71022 127536 217435 351875 539158 777280 1040291 1255127
-4 0 10 34 94 227 496 1012 1963 3636 6404 10635 16468 23409 29783 32367 27282 14888 14722 102520 491606
2 6 10 15 22 32 46 65 90 122 162 211 270 340 422 517 626 750 890 1047 1222
-3 -1 -2 -10 -27 -48 -44 62 435 1421 3784 9284 21996 51135 116761 260683 566253 1192615 2431390 4796718 9162939
6 13 20 24 19 -4 -44 -67 24 423 1456 3614 7581 14254 24752 40411 62762 93489 134364 187156 253511
12 22 39 61 88 131 224 443 949 2092 4636 10197 22041 46486 95308 189763 367042 689974 1260113 2232037 3820998
11 12 24 60 147 321 634 1172 2088 3661 6398 11201 19628 34292 59474 102087 173233 290762 483492 798106 1310233
0 6 20 42 72 110 156 210 272 342 420 506 600 702 812 930 1056 1190 1332 1482 1640
6 11 24 55 121 246 461 804 1320 2061 3086 4461 6259 8560 11451 15026 19386 24639 30900 38291 46941
11 25 41 73 141 278 540 1016 1835 3167 5215 8195 12301 17652 24218 31722 39515 46421 50549 49069 37949
-5 8 17 29 51 90 153 247 379 556 785 1073 1427 1854 2361 2955 3643 4432 5329 6341 7475
1 -3 -7 -11 -15 -19 -23 -27 -31 -35 -39 -43 -47 -51 -55 -59 -63 -67 -71 -75 -79
1 12 25 43 66 94 130 183 271 424 687 1123 1816 2874 4432 6655 9741 13924 19477 26715 35998
11 19 31 58 113 218 416 799 1572 3178 6523 13371 27035 53596 104114 198837 375645 707585 1339551 2563852 4971521
1 3 0 5 40 149 414 976 2063 4041 7546 13852 25823 50145 102134 215452 460897 981751 2059196 4232099 8514302
-4 -6 4 26 60 106 164 234 316 410 516 634 764 906 1060 1226 1404 1594 1796 2010 2236
-3 5 13 21 29 37 45 53 61 69 77 85 93 101 109 117 125 133 141 149 157
5 13 22 29 26 13 11 75 307 869 1996 4009 7328 12485 20137 31079 46257 66781 93938 129205 174262
8 20 42 76 123 197 335 613 1190 2423 5140 11237 24900 54985 119490 253737 525016 1058258 2080106 3992934 7496413
5 1 8 37 104 244 536 1148 2413 4961 9962 19584 37844 72149 136040 254074 470605 865781 1584860 2891691 5264920
6 13 16 21 31 59 140 344 806 1802 3919 8404 17861 37664 78903 164623 342995 714720 1489111 3097348 6419068
7 17 40 89 185 368 708 1314 2342 4012 6665 10931 18141 31201 56257 105622 202613 389176 737597 1368843 2484343
9 13 17 21 25 29 33 37 41 45 49 53 57 61 65 69 73 77 81 85 89
8 8 3 -8 -12 26 167 498 1140 2301 4451 8763 18081 38887 85134 185569 397626 833765 1711557 3449629 6853916
6 5 11 33 94 228 491 999 2013 4101 8424 17234 34767 68906 134334 258464 492304 929685 1740057 3222463 5891468
-5 -3 10 29 49 78 164 440 1205 3071 7225 15891 33146 66383 129008 245579 461864 864813 1622406 3063319 5836998
-4 5 24 56 104 169 253 364 525 797 1342 2590 5661 13373 32515 78720 186506 429365 959060 2081028 4396358
-2 3 22 54 94 131 156 186 321 873 2644 7496 19470 46912 106443 230373 480736 976365 1945982 3833324 7505934
-1 1 9 21 45 105 253 589 1297 2712 5437 10535 19842 36503 65950 117750 209087 371143 660349 1177429 2098399
-4 8 22 48 98 200 421 894 1844 3608 6644 11524 18906 29480 43883 62578 85692 112808 142706 173048 200002
5 12 24 41 63 90 122 159 201 248 300 357 419 486 558 635 717 804 896 993 1095
10 9 8 8 15 42 117 299 709 1588 3399 6995 13880 26595 49266 88356 153668 259651 427066 685074 1073813
5 17 37 79 160 296 504 811 1273 2021 3380 6168 12406 26900 60556 136977 305114 663036 1402412 2892584 5842517
-5 -5 8 36 82 158 300 588 1171 2312 4501 8750 17319 35402 74870 162269 355295 775501 1670874 3531316 7294532
11 13 19 31 48 78 155 368 917 2221 5125 11309 24126 50334 103597 211282 427055 853173 1678287 3239131 6117804
-5 -10 -4 25 99 264 613 1318 2669 5113 9278 15951 25942 39692 56362 71977 76019 45708 -62876 -327679 -878399
-2 5 22 62 142 283 519 914 1583 2710 4553 7423 11621 17314 24328 31833 37892 38843 28480 -3004 -70352
0 6 18 49 115 242 476 897 1648 2999 5478 10122 18941 35763 67762 128198 241264 450500 833074 1523439 2751567
-4 6 16 26 36 46 56 66 76 86 96 106 116 126 136 146 156 166 176 186 196
8 13 29 70 163 344 664 1214 2177 3909 7035 12525 21706 36200 57902 89391 135686 209125 340489 601472 1146397
4 7 6 -4 -26 -61 -108 -164 -224 -281 -326 -348 -334 -269 -136 84 412 871 1486 2284 3294
9 6 1 8 53 182 483 1128 2444 5035 9999 19316 36528 67895 124299 224290 398835 698556 1204541 2044200 3414135
8 19 41 77 130 203 299 421 572 755 973 1229 1526 1867 2255 2693 3184 3731 4337 5005 5738
0 12 23 31 29 17 11 60 289 1005 2937 7735 18939 43772 96353 203322 413462 813660 1554243 2886765 5215569
6 12 27 54 96 156 237 342 474 636 831 1062 1332 1644 2001 2406 2862 3372 3939 4566 5256
5 4 11 27 58 110 192 337 653 1418 3235 7265 15558 31504 60428 110355 192973 324824 528755 835663 1286570
-2 12 21 25 24 18 7 -9 -30 -56 -87 -123 -164 -210 -261 -317 -378 -444 -515 -591 -672
7 20 35 63 117 221 414 760 1376 2505 4698 9241 19086 40739 87859 187823 393461 804158 1604837 3140479 6062331
9 11 25 57 113 195 302 448 713 1348 2961 6818 15301 32574 65518 125007 227609 397809 670865 1096423 1743033
4 5 9 18 39 95 234 531 1078 1968 3313 5402 9208 17588 37668 85045 190596 411047 845585 1663986 3159553
-3 11 39 94 201 392 715 1255 2160 3660 6062 9699 14806 21291 28364 33982 34063 21417 -15663 -95212 -243873
8 7 2 6 35 109 256 530 1059 2141 4402 9027 18102 35226 66885 125831 239241 467417 944559 1964465 4156760
-3 -6 3 28 71 144 291 626 1399 3115 6752 14160 28798 57145 111548 216226 420143 824392 1639208 3299803 6696981
1 7 17 30 46 73 129 241 453 868 1778 3994 9588 23414 55998 128691 282377 591533 1186063 2284086 4239762
5 13 26 39 54 76 109 162 275 575 1372 3305 7548 16086 32071 60268 107601 183809 302222 480667 742514
10 16 31 50 72 99 142 246 543 1345 3307 7734 17192 36731 76260 154964 309217 606530 1170566 2228440 4206745
1 10 16 14 6 8 62 263 806 2064 4726 10064 20488 40750 80592 160520 324144 663992 1374635 2861002 5958315
-1 1 4 5 6 13 41 134 409 1133 2842 6511 13784 27273 50935 90536 154211 253129 402272 621337 935770
10 10 9 6 -3 -23 -48 -39 107 599 1816 4419 9569 19396 38100 74659 149511 310650 671016 1491928 3361908
2 -1 -8 -24 -51 -88 -131 -173 -204 -211 -178 -86 87 366 779 1357 2134 3147 4436 6044 8017
10 19 31 46 64 85 109 136 166 199 235 274 316 361 409 460 514 571 631 694 760
1 3 9 22 47 91 163 274 437 667 981 1398 1939 2627 3487 4546 5833 7379 9217 11382 13911
0 12 36 74 136 241 413 677 1073 1719 2967 5709 11903 25402 53182 107078 206150 379814 671886 1145700 1890474
14 12 22 42 68 99 139 199 302 494 864 1576 2916 5357 9645 16909 28798 47648 76682 120246 184084
2 15 33 57 97 172 310 548 932 1517 2367 3555 5163 7282 10012 13462 17750 23003 29357 36957 45957
14 26 35 43 65 124 246 455 768 1190 1709 2291 2875 3368 3640 3519 2786 1170 -1657 -6085 -12571
9 13 26 44 74 148 345 830 1927 4255 8970 18173 35568 67504 124683 225260 401247 712955 1282340 2368568 4533128
11 20 36 67 134 281 580 1143 2150 3899 6881 11880 20095 33278 53879 85186 131445 197942 291026 418049 587196
2 16 39 71 112 162 221 289 366 452 547 651 764 886 1017 1157 1306 1464 1631 1807 1992
11 6 -1 0 28 118 332 778 1639 3214 5987 10788 19216 34678 64667 125254 249242 500256 997014 1957255 3784195
4 17 38 67 105 161 261 464 895 1810 3726 7689 15818 32351 65540 130962 257338 497271 948430 1797499 3412987
11 25 41 70 130 246 450 781 1285 2015 3031 4400 6196 8500 11400 14991 19375 24661 30965 38410 47126
-4 3 16 45 108 238 498 1013 2041 4122 8376 17076 34705 69819 138180 267790 506642 934197 1677784 2935287 5005610
11 13 13 21 43 95 229 578 1431 3365 7488 15884 32397 63945 122616 228865 416203 737845 1275863 2153471 3551151
5 9 19 32 54 109 248 554 1136 2105 3536 5450 7907 11393 17819 32636 68815 153753 340553 725596 1474884
-3 3 9 20 45 109 270 648 1470 3142 6375 12426 23592 44263 83178 158165 305811 600641 1192349 2377068 4732599
1 7 23 52 93 152 255 467 920 1857 3708 7228 13746 25598 46846 84419 149851 261835 449861 759260 1258035
7 10 13 16 19 22 25 28 31 34 37 40 43 46 49 52 55 58 61 64 67
2 10 27 66 137 261 479 866 1561 2833 5232 9945 19626 40250 85030 182235 389988 822972 1698633 3414188 6670815
12 12 14 24 53 119 263 582 1287 2811 6025 12686 26378 54492 112366 231816 478345 985020 2017612 4097452 8230028
8 5 5 4 7 28 87 216 481 1025 2152 4519 9610 20884 46406 104546 235781 526396 1155206 2484657 5236956
0 11 27 46 64 77 83 94 172 513 1633 4779 12820 32097 76061 172043 373224 778855 1567071 3046308 5733432
-2 10 30 58 94 138 190 250 318 394 478 570 670 778 894 1018 1150 1290 1438 1594 1758
14 19 22 33 72 179 421 891 1692 2898 4486 6242 7674 8048 6857 5430 11122 46781 170206 511399 1339956
10 11 21 39 67 110 176 276 424 637 935 1341 1881 2584 3482 4610 6006 7711 9769 12227 15135
1 13 30 60 121 240 464 885 1684 3205 6082 11473 21529 40383 76259 145934 284087 562769 1131754 2301490 4711253
12 17 29 49 92 183 351 620 995 1446 1902 2289 2711 4042 9572 29084 88046 246767 637755 1534585 3472894
6 15 19 23 46 117 274 562 1038 1813 3203 6142 13166 30574 72924 172014 394214 872871 1867091 3865309 7762750
11 14 13 4 -3 30 183 592 1463 3086 5849 10252 16921 26622 40275 58968 83971 116750 158981 212564 279637
4 2 0 4 28 94 246 574 1258 2666 5587 11761 24990 53292 112846 235008 478752 953058 1857966 3560718 6736832
14 14 25 43 66 98 152 257 474 937 1952 4217 9290 20570 45330 98828 212286 447556 922383 1850747 3601578
8 21 47 81 114 142 173 240 425 903 2034 4575 10177 22533 49976 111219 247662 548853 1203145 2594553 5480932
9 9 12 19 33 73 185 458 1061 2339 5045 10855 23439 50579 108182 227590 468409 940245 1838338 3500227 6493373
3 17 39 73 135 262 521 1031 2023 3987 7999 16405 34203 71782 150277 311889 639419 1292445 2572695 5039145 9705407
4 5 20 55 126 269 553 1108 2183 4247 8148 15358 28373 51451 92169 165015 299932 562419 1099314 2238907 4700814
7 8 9 10 11 12 13 14 15 16 17 18 19 20 21 22 23 24 25 26 27
-2 10 28 52 93 183 396 878 1891 3883 7609 14354 26356 47604 85303 152466 272324 485552 861706 1516768 2639319
14 26 51 102 204 391 706 1206 1979 3190 5199 8848 16105 31380 63972 132223 269972 535718 1024395 1880710 3311498
-2 6 23 51 106 228 504 1114 2410 5050 10229 20087 38456 72279 134360 248671 460350 853874 1584763 2932591 5385974
13 9 15 28 52 94 158 237 309 348 373 592 1789 6327 20647 61192 167713 431643 1053839 2457416 5500718
13 25 37 45 41 11 -54 -124 -59 528 2542 7969 21068 50853 116081 254878 542609 1123947 2268885 4468777 8599731
-5 3 22 60 125 225 368 562 815 1135 1530 2008 2577 3245 4020 4910 5923 7067 8350 9780 11365
13 27 41 55 69 83 97 111 125 139 153 167 181 195 209 223 237 251 265 279 293
13 21 25 20 -2 -43 -90 -97 58 666 2365 6451 15397 33729 69603 137883 266479 509571 974801 1877726 3647812
9 18 30 53 95 164 268 415 613 870 1194 1593 2075 2648 3320 4099 4993 6010 7158 8445 9879
12 20 30 37 45 75 187 527 1409 3447 7764 16325 32470 61762 113315 201829 350634 596134 994146 1628749 2624395
-3 7 17 24 28 39 93 284 826 2169 5216 11744 25248 52639 107600 217089 433844 860653 1698482 3344179 6592049
8 19 44 87 150 232 327 417 451 308 -230 -1397 -2996 -3005 5959 44649 164094 479697 1237976 2944495 6605046
5 18 33 55 91 149 240 382 613 1025 1833 3492 6871 13486 25784 47457 83749 141700 230249 360093 543171
4 11 24 39 54 67 86 165 480 1459 3980 9651 21186 42891 81274 145793 249756 411387 655072 1012799 1525806
3 7 6 6 23 92 282 719 1624 3387 6719 12947 24529 45841 84182 150689 260357 429491 667512 957888 1219807
2 -2 -6 0 29 103 273 666 1584 3694 8374 18340 38807 79679 159677 313970 607854 1160422 2184090 4048408 7379921
-3 -4 4 24 66 158 359 786 1674 3498 7199 14575 28931 56143 106411 197233 358715 643678 1148118 2054600 3726808
6 4 2 0 -2 -4 -6 -8 -10 -12 -14 -16 -18 -20 -22 -24 -26 -28 -30 -32 -34
1 8 12 10 10 35 127 351 799 1594 2894 4896 7840 12013 17753 25453 35565 48604 65152 85862 111462
0 7 14 21 28 35 42 49 56 63 70 77 84 91 98 105 112 119 126 133 140
-4 9 18 25 32 41 54 73 100 137 186 249 328 425 542 681 844 1033 1250 1497 1776
-5 9 23 37 51 65 79 93 107 121 135 149 163 177 191 205 219 233 247 261 275
-2 5 24 56 103 181 337 666 1338 2659 5215 10209 20241 41072 85487 181496 389347 836341 1787613 3789562 7959480
0 3 13 29 51 78 101 102 77 108 516 2134 6746 17745 41070 86489 169302 312545 549783 928587 1514797
11 12 13 14 15 16 17 18 19 20 21 22 23 24 25 26 27 28 29 30 31
-2 0 16 46 89 149 250 462 940 1981 4110 8215 15763 29144 52208 91081 155370 259894 427108 690420 1098637
11 16 23 27 33 53 112 262 606 1342 2857 5940 12248 25257 52068 106623 215125 424756 817155 1528561 2779051
9 22 49 90 146 226 365 663 1356 2928 6270 12891 25189 46801 83095 142042 236291 388918 649371 1135088 2132468
9 19 41 86 166 306 555 1003 1819 3345 6313 12296 24560 49552 99339 195405 374317 695887 1254585 2195098 3733082
11 15 31 61 114 203 348 591 1041 1988 4163 9279 21064 47098 101942 212455 427221 834519 1599155 3041796 5813748
-3 2 7 12 17 22 27 32 37 42 47 52 57 62 67 72 77 82 87 92 97
7 12 15 28 71 172 371 742 1442 2803 5509 10949 21922 44029 88403 177053 353281 701750 1386379 2720066 5289289
-1 7 20 45 89 156 245 350 477 706 1352 3338 9007 23800 59577 141004 317689 687286 1439955 2945151 5923409
-1 -2 -3 4 38 140 379 858 1723 3175 5476 8933 13855 20521 29269 40877 57355 82908 123843 184090 249088
9 7 5 3 1 -1 -3 -5 -7 -9 -11 -13 -15 -17 -19 -21 -23 -25 -27 -29 -31
-3 -5 -3 2 4 -3 -14 4 135 543 1507 3462 7046 13153 22992 38152 60673 93123 138681 201226 285432
-1 1 11 25 44 88 214 542 1305 2965 6476 13831 29112 60396 123129 246133 482592 930776 1773982 3358200 6343349
5 4 4 5 7 10 14 19 25 32 40 49 59 70 82 95 109 124 140 157 175
1 14 31 54 81 102 93 15 -161 -366 -231 1286 6500 19888 49385 108432 219833 424406 802091 1523554 2971671
0 11 21 34 59 120 262 556 1110 2110 3941 7476 14679 29759 61255 125661 253599 500354 964453 1822598 3400768
-5 1 19 48 88 136 182 205 169 19 -323 -962 -2034 -3710 -6200 -9757 -14681 -21323 -30089 -41444 -55916
10 12 22 52 115 224 405 721 1302 2381 4354 7921 14447 26863 51829 104740 220890 479410 1052550 2303114 4969747
14 28 52 90 143 215 329 565 1133 2493 5541 11909 24507 48633 94428 182403 355644 705854 1426906 2921264 6005187
13 14 20 27 26 -2 -79 -207 -317 -166 859 4096 12233 30412 68241 143603 290024 570887 1106336 2123111 4045817
13 10 14 23 47 106 232 483 983 2003 4100 8351 16785 33267 65374 128285 252457 497960 979890 1911375 3673451
6 16 29 56 107 197 364 698 1376 2694 5083 9092 15317 24251 36026 50014 64250 74636 73881 50128 -14785
-2 -6 -9 -14 -19 -21 -14 33 238 931 2872 7607 18038 39345 80513 156921 294828 539383 969651 1728755 3088505
14 10 8 19 62 178 456 1067 2311 4686 8989 16470 29105 50168 85511 146362 255092 456362 837430 1563277 2934712
-4 0 0 10 45 119 243 423 658 938 1242 1536 1771 1881 1781 1365 504 -956 -3196 -6426 -10887
-1 6 21 45 86 162 310 603 1180 2309 4530 8964 17925 36035 72117 142228 274293 514912 939035 1663335 2864256
4 11 28 57 99 160 263 475 953 2022 4320 9086 18754 38224 77685 159039 330570 699945 1506500 3274483 7126797
-4 8 22 34 39 39 63 196 615 1632 3746 7719 14738 26841 48017 86797 161806 312728 620542 1242824 2472497
-3 8 24 44 80 171 404 937 2029 4098 7850 14550 26540 48149 87186 157259 281221 496108 860004 1461344 2431248
-4 -9 -16 -11 22 105 284 661 1440 2987 5904 11117 19978 34381 56892 90893 140740 211935 311312 447237 629822
4 0 2 13 37 79 151 289 586 1245 2660 5548 11187 21870 41769 78522 146016 269046 490790 884359 1570065
-4 8 18 35 72 142 255 427 719 1332 2801 6365 14649 32886 71040 147373 294238 567184 1058836 1919471 3386758
1 9 23 57 126 249 458 823 1516 2957 6119 13120 28304 60126 124341 249311 484775 916301 1689027 3046423 5392950
12 23 34 45 56 67 78 89 100 111 122 133 144 155 166 177 188 199 210 221 232
8 22 38 62 95 146 245 456 890 1718 3184 5618 9449 15218 23591 35372 51516 73142 101546 138214 184835
-5 -6 6 37 93 179 304 505 915 1921 4494 10835 25586 58022 125891 261953 524940 1018057 1921351 3551646 6479944
-5 9 33 68 121 207 361 669 1333 2804 6062 13206 28653 61446 129450 266585 534719 1042435 1973607 3629584 6489801
-2 -7 -14 -16 0 66 254 710 1706 3717 7542 14515 26897 48600 86459 152329 266362 462041 794318 1354546 2302090
1 -3 -10 -8 13 65 170 383 855 1986 4758 11395 26581 59607 128087 264455 527725 1025815 1959842 3714558 7044741
10 11 15 25 47 90 166 290 480 757 1145 1671 2365 3260 4392 5800 7526 9615 12115 15077 18555
10 16 17 22 52 140 331 682 1262 2152 3445 5246 7672 10852 14927 20050 26386 34112 43417 54502 67580
-2 -2 6 27 77 178 350 611 1002 1662 2999 6052 13235 29827 66882 146810 314010 655246 1339292 2695509 5371925
10 7 17 35 59 104 227 571 1436 3385 7393 15047 28805 52322 90851 151727 244942 383819 585793 873307 1274831
-2 9 16 29 54 104 222 523 1270 3005 6760 14375 28950 55456 101526 178441 302318 495497 788112 1219817 1841622
14 16 32 72 151 290 528 954 1764 3347 6420 12286 23420 44878 87640 176254 365588 776004 1664222 3560690 7526847
2 5 11 27 64 136 260 468 845 1621 3370 7405 16505 36168 76653 156154 305540 575197 1044621 1835535 3129438
14 14 16 26 52 99 172 293 542 1132 2526 5612 12006 24734 50006 101800 212934 459830 1014132 2243914 4901976
-1 -1 12 45 117 270 583 1185 2274 4166 7430 13228 24091 45546 89318 179409 363549 735045 1475276 2937323 5810237
-5 0 13 46 125 296 645 1335 2676 5271 10322 20235 39732 77761 150592 286598 533345 967754 1710251 2943988 4940399
5 7 13 23 37 61 117 257 582 1276 2677 5417 10666 20506 38435 69953 123107 208765 340245 531739 794739
8 5 11 40 101 200 339 511 700 912 1282 2318 5351 13255 31478 69379 141792 270631 486205 827724 1342241
-3 -4 -3 9 43 113 238 445 773 1278 2039 3165 4803 7147 10448 15025 21277 29696 40881 55553 74571
5 7 12 33 89 205 412 747 1253 1979 2980 4317 6057 8273 11044 14455 18597 23567 29468 36409 44505
11 16 17 24 56 138 293 538 893 1412 2245 3740 6594 12062 22233 40382 71407 122360 203081 326944 511724
-3 11 20 37 81 181 380 742 1363 2397 4127 7138 12688 23437 44813 87538 172382 339501 667794 1316919 2620922
3 13 28 61 126 238 413 668 1021 1491 2098 2863 3808 4956 6331 7958 9863 12073 14616 17521 20818
14 18 20 17 12 22 89 308 891 2286 5365 11693 23905 46281 85792 154343 273940 488526 890002 1672565 3240506
3 7 8 10 28 93 262 645 1466 3188 6753 14016 28481 56460 108743 202758 365037 633796 1062267 1726780 2753088
8 13 30 57 106 212 456 1006 2191 4643 9584 19417 38935 77758 155179 309687 617446 1227640 2429121 4774779 9312934
-3 7 16 22 19 8 16 118 465 1330 3208 7054 14826 30638 63057 129457 263961 531485 1051916 2040730 3875665
5 4 5 4 6 22 66 152 291 488 739 1028 1324 1578 1720 1656 1265 396 -1135 -3548 -7102
1 7 12 22 47 107 239 505 1001 1867 3298 5556 8983 14015 21197 31199 44833 63071 87064 118162 157935
