6 11 16 22 39 97 269 715 1752 3951 8254 16088 29425 50693 82379 126077 180618 238771 281820 271098 135291
2 8 19 47 108 218 395 665 1065 1629 2333 2971 2957 1128 -4202 -14365 -27514 -31788 9205 185081 693052
4 18 38 64 96 134 178 228 284 346 414 488 568 654 746 844 948 1058 1174 1296 1424
6 18 37 66 103 150 224 378 748 1650 3764 8465 18413 38651 78816 157923 315066 633222 1290675 2667796 5559627
6 8 14 37 100 240 509 976 1743 2994 5099 8795 15463 27514 48888 85658 146716 244500 395700 621857 949742
2 11 25 52 114 259 569 1171 2258 4127 7241 12322 20482 33399 53545 84473 131170 200483 301625 446768 651730
-4 -7 -13 -16 -15 -1 58 233 647 1484 3012 5693 10582 20488 42895 96600 225720 527693 1207163 2677096 5745593
5 4 5 21 64 154 338 715 1477 2988 5934 11601 22413 43073 83164 163180 328153 677064 1423159 3011657 6339202
11 18 24 34 57 110 229 489 1035 2135 4295 8533 17008 34366 70437 145351 298810 606231 1205777 2341723 4430438
2 7 9 17 47 120 260 492 840 1325 1963 2763 3725 4838 6078 7406 8766 10083 11261 12181 12699
13 12 7 -6 -36 -91 -171 -264 -337 -302 75 1366 4830 12987 30497 65436 131073 248264 448591 778386 1303792
3 12 17 16 6 -16 -57 -131 -251 -392 -383 368 3512 13120 38375 98557 231767 509476 1059809 2103512 4007834
-2 -7 -12 -15 -14 -7 8 33 70 121 188 273 378 505 656 833 1038 1273 1540 1841 2178
10 7 13 33 77 160 316 631 1312 2819 6108 13081 27433 56251 113004 223088 434179 836113 1600770 3065717 5914954
1 5 14 37 96 239 560 1222 2477 4673 8234 13608 21236 31782 47329 75239 138306 298410 707451 1711616 4058557
7 12 25 47 87 163 303 546 943 1558 2469 3769 5567 7989 11179 15300 20535 27088 35185 45075 57031
1 1 -4 0 25 94 268 700 1737 4101 9206 19719 40553 80588 155546 292587 537329 964105 1690328 2895810 4847737
-2 -2 12 40 82 138 208 292 390 502 628 768 922 1090 1272 1468 1678 1902 2140 2392 2658
9 8 5 4 20 74 194 425 852 1637 3075 5698 10515 19588 37332 73222 147035 298410 603457 1202500 2344950
4 10 28 57 103 187 356 694 1334 2474 4396 7473 12121 18607 26556 33906 34936 16834 -45924 -200351 -528133
12 26 37 52 77 124 218 404 754 1374 2411 4060 6571 10256 15496 22748 32552 45538 62433 84068 111385
0 -3 5 27 75 177 391 825 1666 3230 6060 11117 20125 36135 64343 113095 194796 326111 526555 814815 1204103
-4 -4 10 41 100 214 437 874 1730 3399 6617 12723 24108 44989 82728 150030 268504 474262 826468 1420037 2404028
-4 -3 12 52 130 265 489 863 1511 2684 4869 8961 16519 30130 53908 94158 160238 265655 429434 677802 1046232
-1 -3 -3 -5 -16 -46 -112 -237 -430 -624 -537 593 4463 14429 36592 81351 165537 315247 569497 984807 1640818
14 22 39 71 128 220 355 543 806 1197 1850 3127 6008 12998 30015 69999 159398 349364 734677 1485567 2901512
11 25 48 89 162 291 515 893 1509 2477 3946 6105 9188 13479 19317 27101 37295 50433 67124 88057 114006
-2 1 15 40 90 206 473 1041 2150 4159 7579 13110 21682 34500 53093 79367 115662 164813 230215 315892 426570
2 4 9 26 69 167 383 841 1774 3615 7157 13807 25953 47452 84231 144972 241826 391070 613585 934992 1385237
7 9 7 11 28 66 139 272 510 947 1810 3670 7936 17968 41483 95486 215798 474491 1010528 2082673 4161921
13 16 31 68 151 323 663 1325 2615 5123 9934 18962 35489 65047 116839 205901 356033 602918 995349 1589344 2423979
12 26 43 68 116 210 377 650 1092 1879 3509 7251 16043 36251 81110 177448 378750 790340 1617557 3257258 6470096
-3 -5 0 23 74 168 339 674 1385 2940 6273 13083 26206 49994 90561 155701 254428 396964 598905 901034 1434381
0 11 22 33 44 55 66 77 88 99 110 121 132 143 154 165 176 187 198 209 220
1 -2 -4 -2 7 26 58 106 173 262 376 518 691 898 1142 1426 1753 2126 2548 3022 3551
2 13 21 26 28 27 23 16 6 -7 -23 -42 -64 -89 -117 -148 -182 -219 -259 -302 -348
6 2 1 10 50 155 369 744 1347 2290 3815 6512 11843 23315 48921 105886 229356 487498 1006589 2011118 3885768
-4 0 15 41 78 126 185 255 336 428 531 645 770 906 1053 1211 1380 1560 1751 1953 2166
3 5 4 -2 -1 43 206 626 1536 3318 6593 12367 22258 38834 66097 110153 180113 289275 456642 708836 1082473
6 11 22 50 118 269 574 1140 2118 3711 6182 9862 15158 22561 32654 46120 63750 86451 115254 151322 195958
3 2 11 29 52 76 109 197 477 1278 3299 7901 17558 36520 71749 134197 240503 415194 693483 1124765 1776920
13 12 20 40 72 112 156 219 393 990 2846 7900 20208 47606 104298 214715 419069 781112 1398704 2417896 4051344
-3 -3 5 18 44 100 223 504 1167 2737 6373 14484 31798 67116 136055 265166 497905 903037 1586165 2705198 4490704
10 20 27 39 74 170 393 850 1716 3285 6064 10958 19654 35415 64674 120174 227187 436111 848558 1671858 3332107
-1 12 31 64 133 273 531 965 1643 2642 4047 5950 8449 11647 15651 20571 26519 33608 41951 51660 62845
13 16 22 43 87 171 344 718 1515 3144 6324 12267 22929 41327 71906 120922 196785 310280 474554 704723 1016915
12 22 38 65 103 155 231 346 520 808 1426 3101 7866 20658 52290 124742 280472 599126 1228850 2447953 4791005
4 -1 -11 -28 -47 -47 18 228 706 1627 3227 5812 9767 15565 23776 35076 50256 70231 96049 128900 170125
10 21 41 79 143 239 374 574 934 1737 3725 8703 20861 49605 115448 261848 578098 1241877 2595377 5276671 10438963
10 15 20 34 77 192 452 968 1913 3582 6523 11809 21578 40044 75287 142340 268675 504873 947711 1793534 3463050
1 2 6 22 59 126 232 386 597 874 1226 1662 2191 2822 3564 4426 5417 6546 7822 9254 10851
13 19 35 57 81 114 185 370 857 2088 5030 11646 25653 53651 106658 201951 364837 629489 1037189 1629111 2429017
-1 12 22 25 22 19 27 62 145 302 564 967 1552 2365 3457 4884 6707 8992 11810 15237 19354
8 10 12 28 73 169 351 686 1326 2632 5439 11590 24967 53423 112340 231162 465553 920642 1796852 3482348 6741192
3 -2 -6 -2 24 93 233 479 873 1464 2308 3468 5014 7023 9579 12773 16703 21474 27198 33994 41988
-5 -4 6 38 115 276 587 1157 2159 3856 6632 11028 17783 27880 42597 63563 92819 132884 186826 258338 351819
1 13 24 41 84 181 369 711 1347 2614 5301 11150 23768 50168 103194 205086 392381 722195 1279654 2185799 3604636
3 12 27 57 109 183 279 423 725 1494 3449 8089 18341 39732 82600 166411 328367 640716 1245483 2423377 4728029
0 2 4 8 20 55 142 329 688 1320 2360 3982 6404 9893 14770 21415 30272 41854 56748 75620 99220
1 9 30 76 160 295 507 870 1567 2973 5747 10916 19957 34984 59419 100117 173041 316541 619472 1276288 2688490
-1 11 30 58 95 147 235 400 705 1236 2096 3363 4944 6220 5402 -1254 -19507 -53857 -94623 -81809 181277
11 21 40 65 91 107 94 24 -136 -408 -754 -928 -60 4403 19168 60488 165345 413723 971452 2170039 4650993
-5 -9 -3 15 58 149 323 631 1147 1983 3330 5575 9609 17558 34363 70938 150087 317011 657143 1325283 2591648
5 7 17 35 61 95 137 187 245 311 385 467 557 655 761 875 997 1127 1265 1411 1565
2 3 5 8 9 -3 -52 -178 -433 -853 -1363 -1530 -13 6558 25786 73862 184404 426855 945101 2037676 4320337
7 17 28 41 66 125 267 593 1285 2634 5078 9313 16657 30068 56598 112700 234888 500236 1065173 2239442 4630165
4 12 29 67 148 307 591 1051 1721 2587 3565 4524 5397 6412 8466 13750 27137 59997 140704 341168 837589
14 23 35 51 84 158 311 602 1132 2111 4045 8188 17524 38756 86159 188826 404019 841475 1707566 3386175 6588957
13 8 5 10 31 81 186 395 798 1567 3040 5860 11154 20696 36963 63008 102256 159031 242836 385599 696738
11 23 34 44 53 61 68 74 79 83 86 88 89 89 88 86 83 79 74 68 61
-4 -9 -5 5 26 85 253 670 1565 3258 6126 10526 16725 25034 36638 56129 97570 197145 437197 988851 2183604
3 -1 -6 -2 19 76 216 538 1225 2591 5177 9989 19079 36867 72990 148278 307186 643616 1354410 2849569 5977896
8 3 11 32 72 157 350 771 1626 3267 6326 11982 22417 41478 75469 133840 229349 377207 593281 893978 1308249
-2 -3 4 26 78 185 391 787 1573 3170 6407 12849 25454 50035 98589 196629 398476 817375 1681722 3435160 6907466
6 18 39 78 145 256 451 820 1532 2862 5211 9114 15231 24316 37159 54496 76882 104522 137055 173286 210861
11 18 33 64 116 195 321 555 1043 2085 4244 8523 16680 31888 60325 115179 226481 464040 988224 2157651 4750436
2 16 37 78 165 337 646 1157 1948 3110 4747 6976 9927 13743 18580 24607 32006 40972 51713 64450 79417
8 17 22 31 63 148 327 652 1186 2003 3188 4837 7057 9966 13693 18378 24172 31237 39746 49883 61843
-3 -6 -7 -3 8 35 102 256 575 1176 2223 3935 6594 10553 16244 24186 34993 49382 68181 92337 122924
-2 -5 -9 -10 2 52 197 547 1288 2713 5289 9833 17962 33173 63301 125895 259634 548027 1167691 2484932 5245306
8 4 -3 -12 -9 36 180 523 1226 2527 4746 8253 13335 19837 26392 29089 19804 -14306 -85353 -181138 -196209
0 9 18 27 36 45 54 63 72 81 90 99 108 117 126 135 144 153 162 171 180
6 17 37 78 162 322 612 1127 2029 3569 6100 10118 16487 27254 47909 92675 195520 431177 952663 2054742 4276632
-1 -2 0 11 37 84 158 265 411 602 844 1143 1505 1936 2442 3029 3703 4470 5336 6307 7389
11 21 38 64 110 210 443 968 2076 4270 8406 15976 29717 54958 102623 195899 384825 777455 1604430 3348324 6993864
9 6 8 25 71 178 414 905 1861 3606 6612 11537 19267 30962 48106 72561 106625 153094 215328 297321 403775
-5 3 22 64 154 341 721 1469 2891 5521 10302 18904 34246 61303 108293 188353 321827 539303 885550 1424520 2245594
3 11 33 81 168 318 577 1024 1780 3018 5000 8217 13805 24611 47729 100322 222689 506905 1157775 2618165 5817222
7 5 3 11 45 125 287 616 1308 2773 5809 11925 24003 47733 94747 189303 382035 777252 1585651 3224364 6505491
2 15 32 55 100 211 487 1136 2576 5608 11704 23506 45764 87242 164768 311926 597462 1163261 2300268 4595285 9205572
0 0 2 15 54 146 341 726 1441 2709 4917 8835 16159 30745 61204 125998 262862 545326 1110372 2202879 4244524
12 24 37 61 102 163 255 423 789 1618 3438 7319 15583 33538 73383 162315 358198 778075 1647569 3383418 6728532
10 9 15 29 58 127 302 727 1681 3664 7524 14640 27179 48448 83365 139076 225748 357571 554005 841311 1254408
9 12 13 16 37 106 269 590 1153 2064 3453 5476 8317 12190 17341 24050 32633 43444 56877 73368 93397
7 15 27 53 100 181 319 557 988 1829 3586 7402 15755 33787 71725 149190 302928 601254 1172708 2266277 4382961
9 23 37 51 65 79 93 107 121 135 149 163 177 191 205 219 233 247 261 275 289
9 15 18 17 10 -6 -35 -82 -153 -255 -396 -585 -832 -1148 -1545 -2036 -2635 -3357 -4218 -5235 -6426
-3 9 25 47 82 156 330 720 1522 3045 5768 10477 18638 33388 62000 121608 251695 539849 1172295 2528707 5353126
1 12 18 23 27 24 3 -47 -127 -212 -228 -21 683 2328 5589 11445 21265 36908 60838 96255 147243
1 1 6 16 40 99 224 446 776 1179 1552 1717 1431 391 -1832 -6065 -14245 -30939 -66214 -140618 -293302
-2 -1 6 15 32 69 142 271 486 849 1505 2779 5357 10656 21651 44781 94290 201839 437120 950663 2059922
-5 2 10 14 7 -11 -11 103 563 1869 5040 12073 26743 55934 111763 214848 399179 719180 1259702 2149864 3581863
11 6 2 12 60 194 506 1161 2451 4917 9622 18711 36460 71095 137754 263070 491971 897424 1593994 2756246 4643188
3 8 16 36 77 148 258 416 631 912 1268 1708 2241 2876 3622 4488 5483 6616 7896 9332 10933
12 12 7 -2 -2 40 196 615 1602 3780 8415 18052 37720 77128 154504 303037 581280 1089372 1993551 3562170 6217306
10 21 36 50 60 74 134 356 991 2520 5817 12454 25294 49644 95454 181399 342236 641675 1194254 2201502 4010180
3 13 19 23 41 103 253 549 1063 1881 3103 4843 7229 10403 14521 19753 26283 34309 44043 55711 69553
-5 9 28 52 81 115 154 198 247 301 360 424 493 567 646 730 819 913 1012 1116 1225
-4 -6 -1 24 78 168 301 486 739 1108 1760 3215 6889 16257 39247 93064 213728 474509 1020729 2134399 4354262
-3 9 31 68 138 281 565 1092 2016 3593 6285 10929 18962 32687 55616 93094 153772 253182 421936 723555 1292123
-5 3 20 56 127 250 450 791 1445 2815 5733 11773 23784 46935 91021 175762 342764 681447 1382977 2848836 5904690
11 7 13 37 100 250 578 1235 2454 4588 8182 14100 23721 39193 63681 101452 157493 236141 337899 453199 551330
1 -4 -12 -13 17 116 336 743 1417 2452 3956 6051 8873 12572 17312 23271 30641 39628 50452 63347 78561
-3 5 16 39 86 179 365 749 1556 3233 6602 13076 24960 45909 81789 142666 247758 437430 800371 1530770 3040461
9 14 17 18 17 14 9 2 -7 -18 -31 -46 -63 -82 -103 -126 -151 -178 -207 -238 -271
0 11 22 33 44 55 66 77 88 99 110 121 132 143 154 165 176 187 198 209 220
13 23 34 49 81 162 359 809 1786 3811 7808 15288 28494 50348 83923 131145 190908 258736 335671 467432 863972
11 22 32 51 85 146 264 502 978 1900 3623 6754 12390 22723 42563 82942 169077 356926 765906 1640889 3465603
5 14 25 51 119 278 612 1260 2441 4485 7889 13465 22758 39156 70639 136221 280406 604457 1331794 2940464 6423382
0 8 18 42 104 254 588 1276 2603 5041 9397 17135 31080 56940 106530 204404 401014 797810 1593248 3163956 6202900
14 27 37 44 48 49 47 42 34 23 9 -8 -28 -51 -77 -106 -138 -173 -211 -252 -296
3 15 39 73 114 160 207 249 301 477 1167 3369 9244 22974 52015 108849 213351 395899 701367 1194153 1964406
3 2 11 29 66 147 330 751 1712 3845 8416 17886 36937 74324 146161 281630 532665 989964 1808785 3249459 5739484
5 12 19 26 33 40 47 54 61 68 75 82 89 96 103 110 117 124 131 138 145
3 17 37 77 151 273 457 717 1067 1521 2093 2797 3647 4657 5841 7213 8787 10577 12597 14861 17383
11 7 6 7 10 13 8 -21 -94 -222 -385 -506 -433 50 1151 2892 4765 5145 364 -16671 -58456
-2 -3 -9 -9 12 78 228 537 1171 2505 5359 11456 24278 50577 102850 203047 387593 713529 1265654 2166359 3596773
0 10 25 55 110 200 335 525 780 1110 1525 2035 2650 3380 4235 5225 6360 7650 9105 10735 12550
-4 2 5 5 12 57 215 648 1685 3966 8690 18033 35858 68959 129335 238517 436042 796310 1462291 2712797 5095840
-1 13 36 73 135 234 388 649 1167 2303 4804 10053 20407 39636 73476 130309 221983 364785 580580 898129 1354599
0 0 0 0 10 52 162 387 779 1404 2413 4274 8353 18174 41899 96863 217386 467568 961350 1892780 3580132
-2 9 24 49 100 200 372 627 952 1309 1662 2055 2770 4600 9278 20109 42858 86953 167068 305157 533016
6 9 18 30 44 61 84 118 170 249 366 534 768 1085 1504 2046 2734 3593 4650 5934 7476
7 2 9 40 104 213 397 733 1405 2828 5892 12422 26030 53696 108725 216308 424020 821801 1580688 3030127 5817745
-1 10 32 67 119 204 365 693 1369 2768 5714 12050 25797 55340 117335 243444 491675 965174 1842980 3429765 6235259
10 23 33 36 29 22 48 172 511 1292 2994 6643 14356 30261 61955 122701 234608 433085 772911 1336318 2243543
-3 3 11 27 68 162 348 676 1207 2013 3177 4793 6966 9812 13458 18042 23713 30631 38967 48903 60632
11 11 13 26 59 121 221 368 571 839 1181 1606 2123 2741 3469 4316 5291 6403 7661 9074 10651
2 13 20 35 70 144 302 653 1431 3086 6417 12764 24282 44335 78104 133710 224824 377623 649634 1178477 2299982
-4 -1 9 30 67 123 207 352 652 1347 3015 6970 16015 35759 76777 157972 311588 590423 1077901 1901782 3252419
-4 -9 -11 -9 1 26 76 164 306 521 831 1261 1839 2596 3566 4786 6296 8139 10361 13011 16141
1 6 16 44 105 217 398 660 1014 1525 2496 4919 11412 27977 67112 153208 331999 687532 1373368 2670546 5094723
5 4 11 33 82 180 371 739 1431 2684 4855 8453 14172 22924 35871 54455 80425 115860 163187 225193 305030
-4 0 16 44 84 136 200 276 364 464 576 700 836 984 1144 1316 1500 1696 1904 2124 2356
-3 10 37 80 137 197 234 210 108 27 382 2263 8018 22136 52517 112227 221847 412536 729939 1239082 2030407
13 9 6 4 3 3 4 6 9 13 18 24 31 39 48 58 69 81 94 108 123
13 17 17 19 28 45 59 44 -32 -178 -309 -69 1615 7621 25146 71176 183703 443475 1014033 2211955 4624750
10 18 26 35 59 135 341 833 1916 4177 8739 17753 35339 69326 134334 256997 484454 897644 1631440 2904255 5060459
5 9 26 68 161 345 681 1267 2276 4037 7187 12933 23487 42788 77723 140231 250955 445541 785324 1375054 2391577
13 8 3 -2 -7 -12 -17 -22 -27 -32 -37 -42 -47 -52 -57 -62 -67 -72 -77 -82 -87
3 1 -1 -3 -5 -7 -9 -11 -13 -15 -17 -19 -21 -23 -25 -27 -29 -31 -33 -35 -37
4 15 28 47 76 117 178 300 618 1484 3707 9024 21035 47046 101590 212842 433716 860221 1661034 3125257 5742290
-1 -6 -15 -28 -37 -27 37 238 764 2028 4920 11329 25213 54768 116747 244840 505425 1026170 2046199 4001190 7663283
11 24 33 38 39 36 29 18 3 -16 -39 -66 -97 -132 -171 -214 -261 -312 -367 -426 -489
12 8 13 34 82 169 300 470 689 1073 2056 4810 12047 29613 69862 159078 353818 775994 1685371 3623274 7686040
6 2 -2 7 53 168 394 793 1470 2619 4621 8267 15261 29291 58147 117605 238046 474952 924360 1743807 3177885
-2 -2 5 17 43 115 295 683 1434 2797 5194 9358 16543 28806 49346 82880 136062 218040 341443 524455 795243
6 14 27 40 45 31 -16 -113 -280 -540 -919 -1446 -2153 -3075 -4250 -5719 -7526 -9718 -12345 -15460 -19119
0 5 5 4 14 56 174 474 1201 2871 6495 13977 28854 57707 112871 217612 415874 790245 1494237 2808694 5237602
7 12 28 53 88 149 284 606 1364 3094 6933 15253 32891 69427 143207 288134 564669 1077008 1999042 3612477 6361402
5 8 6 -1 -13 -30 -52 -79 -111 -148 -190 -237 -289 -346 -408 -475 -547 -624 -706 -793 -885
-4 1 17 57 129 236 376 542 722 899 1051 1151 1167 1062 794 316 -424 -1483 -2923 -4811 -7219
1 3 7 24 79 218 527 1175 2503 5204 10683 21760 43997 88113 174224 339038 647709 1212985 2226051 4007196 7092475
7 9 13 32 82 194 434 942 2001 4147 8332 16162 30262 54883 96988 168302 289344 497609 864466 1530134 2775415
8 7 17 37 77 161 333 669 1293 2402 4333 7761 14216 27281 55153 115884 247964 531826 1134101 2399404 5040289
5 12 25 40 55 73 100 149 261 554 1311 3118 7063 15007 29938 56419 101141 173592 286853 458532 711847
3 10 17 29 63 147 321 654 1295 2575 5167 10289 19900 36789 64382 105963 162759 229860 288041 287929 120185
2 12 19 28 54 127 306 702 1510 3050 5817 10540 18250 30357 48736 75822 114714 169288 244319 345612 480142
2 15 30 54 90 133 166 156 50 -229 -786 -1758 -3318 -5679 -9098 -13880 -20382 -29017 -40258 -54642 -72774
-1 -5 -14 -32 -52 -56 -13 125 442 1116 2561 5747 12894 28926 64398 141141 302712 633096 1289479 2559489 4962795
2 7 7 6 15 52 142 317 616 1085 1777 2752 4077 5826 8080 10927 14462 18787 24011 30250 37627
-4 6 28 62 108 166 236 318 412 518 636 766 908 1062 1228 1406 1596 1798 2012 2238 2476
7 19 29 38 60 121 263 563 1186 2507 5372 11644 25336 54943 118191 251581 529251 1099473 2253513 4552008 9050574
-1 -5 4 34 94 194 359 668 1335 2855 6252 13510 28376 57951 115924 229120 450540 884900 1738109 3412703 6691795
14 21 24 36 73 164 359 735 1400 2495 4194 6702 10251 15094 21497 29729 40050 52697 67868 85704 106269
-4 -8 -11 -3 39 162 444 993 1935 3387 5405 7889 10433 12177 11975 9920 13052 52098 224695 798357 2442537
-3 -2 5 18 37 62 93 130 173 222 277 338 405 478 557 642 733 830 933 1042 1157
13 15 23 39 68 113 172 239 313 426 713 1564 3920 9802 23194 51438 107341 212241 400331 724597 1264788
13 27 40 58 97 185 364 692 1245 2119 3432 5326 7969 11557 16316 22504 30413 40371 52744 67938 86401
10 20 29 51 95 162 242 306 288 52 -661 -2311 -5667 -11950 -23016 -41584 -71514 -118140 -188663 -292609 -442357
-5 8 23 35 51 100 243 596 1377 2996 6225 12513 24549 47224 89201 165370 300543 534832 931251 1586191 2643535
4 14 25 43 84 178 373 739 1372 2398 3977 6307 9628 14226 20437 28651 39316 52942 70105 91451 117700
-4 5 22 51 98 176 317 594 1157 2298 4594 9254 18949 39695 84905 183735 397666 852427 1797670 3715389 7511484
1 12 25 52 105 196 337 540 817 1180 1641 2212 2905 3732 4705 5836 7137 8620 10297 12180 14281
12 7 2 3 29 113 301 647 1207 2042 3244 4995 7657 11887 18822 30579 51818 94141 186922 401083 896617
-2 4 7 18 59 173 431 949 1937 3813 7435 14545 28598 56288 110309 214234 410896 776354 1442471 2632372 4714645
3 -2 -10 -18 -15 13 80 197 379 684 1318 2852 6609 15291 33928 71243 141539 267226 482118 835642 1398113
8 15 28 47 72 103 140 183 232 287 348 415 488 567 652 743 840 943 1052 1167 1288
4 -1 5 19 48 110 241 508 1028 1993 3701 6593 11296 18672 29873 46402 70180 103619 149701 212063 295088
-3 0 14 41 83 151 287 608 1384 3164 6969 14583 28996 55091 100724 178426 308063 520928 865912 1418613 2294497
12 24 40 62 90 122 163 238 404 756 1422 2542 4226 6486 9137 11662 13036 11504 4308 -12642 -45158
8 12 13 19 50 151 400 911 1835 3365 5754 9358 14719 22706 34735 53092 81386 125162 192707 296085 452440
14 26 51 100 179 290 436 631 925 1466 2636 5316 11356 24350 50843 102127 196816 364426 650225 1121660 1876713
4 16 34 64 125 256 526 1056 2062 3938 7421 13920 26156 49375 93626 178079 339348 647704 1238568 2372724 4548635
8 20 39 65 98 138 185 239 300 368 443 525 614 710 813 923 1040 1164 1295 1433 1578
14 26 48 80 122 174 236 308 390 482 584 696 818 950 1092 1244 1406 1578 1760 1952 2154
-3 1 5 5 -2 -18 -39 -43 45 452 1805 5695 15874 40656 97497 221379 479793 999563 2016337 3970389 7700682
0 -4 -12 -27 -42 -29 72 364 1004 2214 4292 7623 12690 20085 30520 44838 64024 89216 121716 163001 214734
9 6 9 22 62 159 356 709 1287 2172 3459 5256 7684 10877 14982 20159 26581 34434 43917 55242 68634
13 21 28 43 72 113 165 263 552 1414 3663 8824 19513 39936 76526 138738 240023 399003 640870 999033 1517038
12 18 24 30 36 42 48 54 60 66 72 78 84 90 96 102 108 114 120 126 132
-3 2 19 48 94 180 367 789 1715 3662 7604 15366 30381 59147 113973 217964 413669 777390 1441789 2630072 4705580
10 19 26 37 72 160 330 594 913 1132 865 -694 -5063 -14901 -34613 -71175 -135228 -242495 -415580 -686213 -1098010
-4 1 2 -1 -12 -39 -98 -218 -435 -756 -1074 -1018 297 4760 16454 44777 112373 274082 659747 1567005 3657105
-5 -2 9 34 84 174 324 562 933 1535 2635 4975 10473 23666 54438 122856 267419 559040 1125381 2195236 4183190
7 12 17 30 55 92 133 156 123 6 -106 281 2717 11159 34667 92714 225657 515575 1128311 2399593 5013713
11 15 32 68 143 294 579 1082 1919 3245 5262 8228 12467 18380 26457 37290 51587 70187 94076 124404 162503
-3 3 15 40 80 129 170 175 119 28 97 952 4211 13659 37671 94184 220968 497125 1088625 2345205 5005743
1 14 27 37 41 36 19 -13 -63 -134 -229 -351 -503 -688 -909 -1169 -1471 -1818 -2213 -2659 -3159
4 5 19 53 117 221 372 571 810 1069 1313 1489 1523 1317 746 -345 -2144 -4875 -8801 -14227 -21503
