8 7 18 38 70 128 245 488 981 1943 3758 7117 13337 25123 48379 96308 198118 416355 879434 1839588 3771488
-2 1 5 5 -4 -27 -69 -135 -230 -359 -527 -739 -1000 -1315 -1689 -2127 -2634 -3215 -3875 -4619 -5452
8 8 6 7 26 88 228 491 932 1616 2618 4023 5926 8432 11656 15723 20768 26936 34382 43271 53778
12 18 25 37 67 137 278 530 942 1572 2487 3763 5485 7747 10652 14312 18848 24390 31077 39057 48487
10 17 37 69 108 156 246 476 1063 2437 5408 11457 23237 45464 86629 162556 304080 573505 1098727 2140949 4223090
8 5 11 23 38 53 65 71 68 53 23 -25 -94 -187 -307 -457 -640 -859 -1117 -1417 -1762
6 5 15 46 120 274 572 1124 2111 3822 6718 11555 19646 33469 58125 104788 198586 395885 820730 1738943 3703884
0 3 10 21 36 55 78 105 136 171 210 253 300 351 406 465 528 595 666 741 820
14 23 37 68 128 229 383 602 898 1283 1769 2368 3092 3953 4963 6134 7478 9007 10733 12668 14824
14 14 9 9 30 89 199 373 653 1197 2498 5886 14588 35814 84660 191229 413634 862268 1746635 3468825 6815200
11 8 5 2 -1 -4 -7 -10 -13 -16 -19 -22 -25 -28 -31 -34 -37 -40 -43 -46 -49
3 16 36 73 151 305 587 1082 1940 3448 6193 11407 21658 42201 83606 166852 333081 661864 1304426 2542165 4886417
-3 1 14 48 116 230 413 728 1322 2482 4702 8777 16001 28704 51718 96113 188083 388923 837914 1840774 4045538
0 6 16 31 66 148 314 623 1201 2351 4776 9986 21010 43654 88806 176790 345657 666801 1273857 2415590 4553381
9 15 26 43 65 97 163 324 701 1503 3060 5861 10597 18209 29941 47398 72609 108095 156942 222879 310361
7 18 30 38 32 3 -52 -128 -216 -317 -465 -736 -1160 -1324 779 11472 47072 144854 383548 922191 2077573
13 22 37 57 86 143 277 596 1321 2884 6115 12621 25576 51363 102917 206334 413509 825482 1634113 3194065 6143330
3 8 17 41 92 183 328 542 841 1242 1763 2423 3242 4241 5442 6868 8543 10492 12741 15317 18248
-5 -6 -9 -14 -7 51 236 683 1627 3477 6945 13272 24657 45180 82980 155537 302267 613508 1294595 2801982 6121737
-4 1 10 19 23 16 -9 -60 -146 -277 -464 -719 -1055 -1486 -2027 -2694 -3504 -4475 -5626 -6977 -8549
-2 -5 -9 0 40 139 341 712 1346 2371 3955 6312 9708 14467 20977 29696 41158 55979 74863 98608 128112
3 17 26 40 68 119 209 386 787 1757 4102 9628 22262 50325 111082 239841 508214 1060827 2188927 4477068 9093075
-4 -6 -8 -10 -12 -14 -16 -18 -20 -22 -24 -26 -28 -30 -32 -34 -36 -38 -40 -42 -44
1 -2 8 35 81 147 234 357 592 1178 2695 6348 14432 31185 64554 130092 259627 520150 1053726 2159161 4454035
-3 -8 -13 -18 -23 -28 -33 -38 -43 -48 -53 -58 -63 -68 -73 -78 -83 -88 -93 -98 -103
10 13 18 33 63 122 242 477 905 1650 2974 5517 10789 22066 46003 95784 197976 408367 848534 1787245 3812895
6 20 32 40 37 23 27 152 670 2205 6059 14773 33091 69634 139822 270939 510758 941874 1704882 3034838 5317113
9 16 18 17 28 89 275 711 1579 3114 5584 9249 14294 20731 28265 36119 42813 45892 41598 24481 -13056
0 11 19 36 84 204 465 969 1845 3232 5263 8071 11841 16939 24191 35522 55494 94945 179123 364686 773026
5 11 25 51 104 220 466 951 1835 3328 5675 9156 14225 22129 36799 69690 150901 352857 837873 1949177 4378010
1 14 38 79 151 277 486 816 1340 2235 3913 7228 13764 26196 48699 87359 150515 248932 395672 605493 893565
7 10 8 15 51 142 320 623 1095 1786 2752 4055 5763 7950 10696 14087 18215 23178 29080 36031 44147
6 6 5 0 -17 -57 -137 -280 -504 -792 -1035 -940 105 3217 10263 24172 49322 92010 161013 268248 429539
6 6 4 13 41 90 162 279 529 1161 2778 6730 15904 36263 79722 169290 347880 692824 1338960 2514219 4592971
4 3 13 36 69 104 128 123 66 -71 -321 -722 -1317 -2154 -3286 -4771 -6672 -9057 -11999 -15576 -19871
5 11 12 19 51 136 316 666 1342 2675 5329 10551 20589 39499 74911 142065 272887 535607 1075346 2194695 4507875
6 9 18 33 54 81 114 153 198 249 306 369 438 513 594 681 774 873 978 1089 1206
6 6 13 37 99 245 565 1219 2486 4880 9423 18246 35839 71552 144469 292715 590894 1182118 2335585 4547751 8715971
9 14 16 27 59 138 318 691 1399 2670 4922 9007 16701 31586 60516 115911 219181 405646 731388 1282547 2187655
-4 2 10 25 60 145 339 741 1491 2750 4649 7201 10177 12957 14380 12633 5238 -10782 -38452 -79975 -135278
4 8 22 41 58 72 103 218 568 1427 3219 6528 12120 21077 35264 58535 99348 175818 324708 616459 1179110
10 18 26 41 84 197 462 1032 2181 4387 8469 15806 28673 50736 87755 148551 246300 400224 637756 997263 1531418
-2 3 8 13 18 23 28 33 38 43 48 53 58 63 68 73 78 83 88 93 98
13 14 18 25 35 48 64 83 105 130 158 189 223 260 300 343 389 438 490 545 603
-2 11 28 45 72 143 338 817 1866 3955 7808 14485 25476 42807 69158 107993 163702 241755 348868 493181 684448
-1 13 25 47 89 154 242 361 557 998 2180 5368 13453 32523 74668 162987 340691 688091 1355015 2623329 5027185
0 -5 -4 10 49 137 321 699 1486 3147 6634 13772 27847 54457 102695 186741 327948 557515 919848 1476718 2312333
6 3 3 4 14 53 151 353 753 1598 3537 8153 19034 43862 98430 214362 454108 940565 1916515 3864834 7750882
8 19 37 71 140 281 570 1162 2361 4733 9287 17779 33258 61104 111065 201284 366208 672001 1246595 2338965 4438210
-5 -2 -3 -7 -9 -1 26 74 120 99 -68 -299 168 3984 18164 58774 159438 386614 867540 1843465 3776110
2 4 2 -7 -31 -74 -124 -141 -48 272 970 2213 4151 6866 10300 14159 17790 20028 19010 11953 -5107
1 0 -4 -9 -13 -6 44 212 652 1659 3779 8019 16268 32137 62569 120766 231235 438074 818006 1500127 2694865
9 5 1 -5 -10 6 88 318 837 1878 3801 7114 12483 20824 33807 55604 97653 189831 404061 900457 2012200
8 12 17 27 60 144 311 602 1097 1992 3773 7610 16260 36119 81776 185825 419354 933376 2039893 4365277 9130880
-5 4 20 54 118 236 464 917 1804 3470 6450 11578 20298 35537 63873 120322 237941 485668 999468 2034002 4044762
12 7 14 36 71 113 158 214 319 586 1323 3323 8488 21046 49745 111567 237702 482761 938492 1753598 3161645
-2 3 21 51 97 178 335 643 1234 2346 4446 8557 17084 35734 77651 171802 379234 823529 1746311 3606027 7249871
13 18 21 30 53 100 185 328 557 910 1437 2202 3285 4784 6817 9524 13069 17642 23461 30774 39861
7 6 12 39 97 204 398 749 1371 2434 4176 6915 11061 17128 25746 37673 53807 75198 103060 138783 183945
1 1 10 29 68 159 372 831 1739 3441 6590 12545 24239 47932 96539 195634 393825 780029 1511318 2856537 5262906
7 17 27 37 47 57 67 77 87 97 107 117 127 137 147 157 167 177 187 197 207
-5 4 8 6 1 13 102 401 1159 2794 5956 11600 21069 36187 59362 93699 143123 212512 307840 436330 606617
6 17 35 67 118 194 309 509 927 1892 4140 9229 20361 43988 92875 191819 388216 771619 1510297 2920363 5597436
4 7 13 22 34 49 67 88 112 139 169 202 238 277 319 364 412 463 517 574 634
-2 -1 8 35 101 250 558 1149 2225 4113 7337 12746 21780 37059 63697 112209 204848 389111 765662 1544033 3149591
3 17 36 62 93 121 128 88 -7 -57 372 2535 9488 28031 72611 173291 392081 855988 1822251 3803067 7796083
-2 10 30 56 83 105 120 145 254 661 1878 4978 11988 26452 54294 105359 196516 358097 646990 1172735 2149955
5 15 37 78 145 245 385 572 813 1115 1485 1930 2457 3073 3785 4600 5525 6567 7733 9030 10465
4 2 3 5 18 66 189 447 928 1762 3143 5361 8846 14226 22401 34635 52668 78850 116299 169085 242442
8 7 2 1 14 53 140 324 721 1616 3699 8554 19597 43803 94858 199003 406165 811669 1599125 3125261 6086847
10 6 13 39 92 185 337 580 982 1696 3045 5653 10632 19835 36185 64090 109954 182794 294973 463059 708820
1 -3 0 19 75 196 425 842 1602 3004 5639 10737 20982 42361 88191 187575 402623 862615 1830166 3826411 7862349
-1 9 16 32 69 139 254 426 667 989 1404 1924 2561 3327 4234 5294 6519 7921 9512 11304 13309
0 -4 -4 3 23 67 158 350 780 1792 4207 9884 22849 51493 112693 239235 492664 984708 1911782 3608841 6631091
1 6 20 52 118 248 493 933 1687 2926 4890 7910 12436 19072 28619 42127 60957 86854 122032 169272 232034
4 12 27 61 132 271 539 1059 2071 4024 7732 14653 27420 50894 94280 175348 328688 621422 1182175 2252663 4276190
-4 -5 2 12 23 42 89 199 422 821 1468 2438 3801 5612 7899 10649 13792 17183 20582 23632 25835
5 12 19 27 46 93 201 449 1026 2344 5215 11104 22463 43139 78831 137546 229971 369636 572691 857057 1240636
3 15 36 61 84 105 137 213 393 771 1482 2709 4690 7725 12183 18509 27231 38967 54432 74445 99936
6 15 38 81 155 290 550 1052 1992 3684 6629 11655 20219 35080 61857 112763 215650 435529 923880 2026489 4508107
12 9 18 49 121 262 509 908 1514 2391 3612 5259 7423 10204 13711 18062 23384 29813 37494 46581 57237
13 19 23 31 56 126 298 680 1458 2922 5492 9782 16839 28899 51369 97341 196851 414405 880109 1842177 3751778
7 13 15 16 26 76 227 581 1301 2647 5035 9126 15952 27086 44863 72659 115235 179153 273271 409324 602598
14 20 36 71 137 258 486 922 1736 3187 5662 9782 16663 28471 49472 87851 158658 288334 521376 929817 1626325
-1 1 6 10 13 32 111 333 846 1932 4177 8840 18573 38724 79580 160089 313813 597991 1106344 1985062 3448273
-5 4 18 35 61 114 228 457 879 1600 2758 4527 7121 10798 15864 22677 31651 43260 58042 76603 99621
10 11 7 5 14 59 203 581 1458 3332 7113 14420 28050 52686 95925 169722 292362 491089 805539 1292143 2029686
1 1 -3 -12 -23 -15 71 361 1089 2653 5689 11166 20505 35725 59619 95963 149761 227529 337621 490600 699657
9 23 43 69 101 139 183 233 289 351 419 493 573 659 751 849 953 1063 1179 1301 1429
-3 1 2 13 44 99 181 308 548 1100 2492 6060 15051 37021 88796 206364 464110 1011586 2142889 4425990 8940793
13 24 30 36 47 65 82 70 -31 -322 -934 -1956 -3221 -3809 -1042 11366 46485 129332 304902 650212 1291815
-1 -6 -13 -17 -12 5 30 61 142 478 1684 5285 14688 37049 86865 192951 412112 855947 1742842 3496854 6931251
9 8 16 28 45 76 136 247 452 858 1739 3763 8470 19236 43141 94501 201548 419365 855771 1724411 3454360
5 6 14 27 43 60 76 89 97 98 90 71 39 -8 -72 -155 -259 -386 -538 -717 -925
-1 0 8 21 36 49 55 48 21 -34 -126 -265 -462 -729 -1079 -1526 -2085 -2772 -3604 -4599 -5776
-4 8 33 70 127 223 392 696 1258 2330 4415 8466 16189 30481 56038 100172 173880 293212 480989 768926 1200219
11 9 6 11 38 104 239 520 1141 2531 5532 11649 23384 44666 81389 142070 238639 387373 609986 934887 1398618
3 8 21 43 72 103 126 120 38 -226 -888 -2300 -4804 -8060 -9096 2474 55329 220408 662923 1753741 4303508
5 0 8 41 124 307 690 1469 3013 5997 11644 22170 41580 77030 141050 255016 454365 796166 1369792 2311583 3824548
-4 -3 -2 5 35 111 258 514 982 1962 4230 9587 21901 49032 106298 222558 450624 884659 1688590 3141513 5708775
0 2 16 56 144 305 575 1018 1745 2922 4753 7447 11259 16890 26928 49744 108518 260134 631926 1489182 3353578
13 19 37 73 147 296 574 1059 1887 3338 5999 11024 20501 37921 68724 120872 205369 336613 532425 813555 1202415
8 22 38 56 76 98 122 148 176 206 238 272 308 346 386 428 472 518 566 616 668
10 12 21 37 60 90 127 171 222 280 345 417 496 582 675 775 882 996 1117 1245 1380
-4 7 14 28 61 137 314 714 1558 3203 6178 11216 19279 31573 49550 74894 109488 155359 214598 289252 381185
10 10 10 8 4 4 38 197 707 2076 5373 12726 28159 58926 117543 224767 413824 736246 1269740 2128580 3477086
7 15 36 70 125 221 394 704 1264 2320 4425 8763 17692 35588 70085 133819 246797 439525 757042 1264020 2051103
-5 9 28 56 104 187 324 555 991 1919 3994 8564 18192 37461 74174 141091 258379 456989 783216 1304744 2118528
-5 2 9 11 -1 -28 -43 41 415 1425 3627 7860 15391 28257 50039 87460 153411 272284 488837 882241 1587471
9 13 24 40 69 132 265 525 1011 1915 3626 6928 13362 25862 49838 95011 178617 331305 608528 1113048 2039207
-4 9 24 42 76 158 343 718 1427 2726 5095 9476 17800 34132 67009 133857 268698 534595 1042262 1975730 3624544
9 14 21 37 73 143 272 512 977 1920 3887 7995 16393 32977 64442 121766 222233 392114 670137 1111889 1795305
-1 -5 -12 -13 -3 20 57 113 205 371 682 1273 2430 4786 9670 19595 38743 73099 129620 213559 322919
14 20 27 48 101 223 488 1024 2020 3724 6467 10816 18071 31487 58832 117196 241354 497468 1004499 1966400 3718985
4 15 34 64 108 169 250 354 484 643 834 1060 1324 1629 1978 2374 2820 3319 3874 4488 5164
5 18 26 39 67 129 268 572 1202 2441 4816 9433 18845 39122 84467 187056 417472 926579 2030755 4384428 9326664
10 15 33 62 108 182 299 493 876 1790 4131 9963 23592 53353 114524 234128 459161 871536 1616941 2963326 5422729
-1 7 13 15 10 -9 -45 -68 47 627 2373 6649 16019 35320 73834 149565 297299 583099 1129249 2155511 4045012
-1 5 21 52 117 260 559 1141 2222 4204 7875 14770 27766 52022 96478 176383 317938 567618 1012241 1823900 3361538
-1 5 23 48 81 138 266 564 1207 2480 4858 9241 17613 34716 71943 155785 345231 766291 1678721 3602646 7555545
2 11 29 52 78 115 190 354 679 1245 2122 3376 5194 8369 15658 34974 86060 213335 509263 1155468 2494122
-2 -3 2 14 44 113 263 579 1222 2473 4788 8864 15716 26765 43937 69773 107550 161413 236518 339186 477068
-3 2 2 9 41 123 291 603 1172 2256 4467 9207 19525 41737 88381 183419 371115 730878 1401924 2624581 4810669
6 3 8 21 42 71 108 153 206 267 336 413 498 591 692 801 918 1043 1176 1317 1466
8 17 36 65 105 156 227 355 628 1212 2405 4801 9782 20834 46713 108430 253604 584247 1307878 2827493 5893931
7 6 17 41 91 198 429 917 1903 3790 7209 13097 22787 38110 61509 96165 146135 216502 313537 444873 619691
-1 5 12 17 27 64 171 424 952 1970 3846 7254 13522 25413 48894 97192 200061 424523 919892 2012251 4396149
-5 9 34 84 181 355 644 1094 1759 2701 3990 5704 7929 10759 14296 18650 23939 30289 37834 46716 57085
1 9 21 38 67 117 195 301 435 653 1243 3136 8721 23297 57469 130879 277757 554881 1052649 1910090 3334775
6 2 -5 -15 -24 -22 18 171 627 1818 4643 10859 23764 49407 98777 191876 365520 688574 1291815 2425793 4570452
-2 8 24 57 127 267 536 1041 1979 3734 7114 13914 28178 58849 124990 265484 556132 1138420 2265972 4376895 8202897
1 11 32 75 148 267 467 813 1411 2419 4058 6623 10494 16147 24165 35249 50229 70075 95908 129011 170840
12 21 30 38 42 37 16 -30 -112 -243 -438 -714 -1090 -1587 -2228 -3038 -4044 -5275 -6762 -8538 -10638
1 0 10 26 43 65 111 225 497 1102 2364 4852 9515 17863 32201 55923 93873 152780 241774 372990 562267
12 24 34 56 106 212 426 839 1595 2900 5034 8402 13714 22487 38250 69157 133266 268748 553306 1141380 2336910
-4 -5 8 35 76 131 200 283 380 491 616 755 908 1075 1256 1451 1660 1883 2120 2371 2636
9 18 41 73 114 177 296 534 991 1812 3195 5399 8752 13659 20610 30188 43077 60070 82077 110133 145406
-2 -7 -4 21 79 178 334 588 1020 1743 2850 4275 5510 5083 -374 -17796 -60750 -155196 -350446 -739862 -1498955
11 10 13 31 85 201 413 786 1467 2763 5245 9899 18396 33630 60760 109055 194815 345400 603697 1030723 1700643
7 8 15 40 102 229 474 947 1879 3743 7475 14880 29403 57653 112501 219420 429291 843598 1662387 3272396 6403464
3 11 23 48 96 187 374 780 1649 3411 6761 12752 22902 39315 64816 103100 158895 238139 348171 497936 698204
12 10 9 8 2 -22 -79 -157 -152 246 1729 5622 14222 31238 62345 115865 203588 341746 552153 863524 1312986
13 23 40 71 125 222 397 703 1230 2183 4101 8351 18096 40014 87136 183275 369635 714319 1325598 2369959 4096119
14 9 1 -14 -31 -27 48 280 800 1793 3507 6262 10459 16589 25242 37116 53026 73913 100853 135066 177925
-3 9 16 25 48 107 237 490 952 1807 3517 7235 15629 34369 74616 156952 317303 615533 1147526 2061725 3581262
-2 -5 -9 -15 -20 -5 79 322 855 1836 3435 5866 9583 15884 28391 56264 120695 267472 590688 1276849 2686133
-2 -5 -1 22 75 165 296 477 738 1164 1975 3711 7636 16572 36543 79908 171210 358001 730859 1460452 2866069
-4 -8 -10 -9 -7 5 62 238 658 1511 3063 5673 9853 16529 27919 49945 98000 209470 469124 1058087 2344801
4 4 10 17 33 88 246 616 1357 2671 4782 7922 12409 19035 30228 52915 104967 229224 523898 1208898 2771116
1 -4 0 27 88 192 344 550 851 1418 2761 6148 14407 33411 74742 160316 330167 655266 1258608 2350947 4295060
8 19 44 97 191 344 585 960 1538 2417 3730 5651 8401 12254 17543 24666 34092 46367 62120 82069 107027
0 5 16 38 84 187 419 929 2011 4211 8484 16431 30717 55972 100957 183791 343986 668525 1345096 2765032 5713058
3 9 24 48 81 123 174 234 303 381 468 564 669 783 906 1038 1179 1329 1488 1656 1833
6 5 9 22 55 132 303 662 1364 2641 4847 8639 15554 29505 60144 129735 286378 628592 1350272 2822469 5742255
9 10 17 42 94 185 347 665 1345 2848 6129 13035 26961 53971 104814 198720 370853 687574 1278869 2408696 4627612
11 12 10 16 45 116 252 480 831 1340 2046 2992 4225 5796 7760 10176 13107 16620 20786 25680 31381
11 20 38 65 109 186 320 543 895 1424 2186 3245 4673 6550 8964 12011 15795 20428 26030 32729 40661
13 18 19 26 45 88 183 384 781 1510 2763 4798 7949 12636 19375 28788 41613 58714 81091 109890 146413
6 3 5 21 61 141 283 515 872 1393 2102 2968 3890 4901 7120 15645 46774 143911 409499 1064443 2551551
14 28 53 85 134 225 396 705 1254 2242 4076 7616 14745 29712 62229 134338 294967 649462 1417226 3040688 6386317
10 17 21 24 23 14 -5 -32 -60 -77 -67 -12 105 296 563 892 1246 1557 1717 1568 891
7 11 21 38 59 83 119 196 373 745 1439 2592 4301 6533 8981 10850 10555 5311 -9407 -40558 -98409
14 18 35 77 156 284 473 735 1082 1526 2079 2753 3560 4512 5621 6899 8358 10010 11867 13941 16244
11 20 26 37 60 101 165 256 377 530 716 935 1186 1467 1775 2106 2455 2816 3182 3545 3896
3 2 3 2 0 16 110 411 1157 2768 5985 12116 23436 43798 79545 140930 244615 418798 714835 1234186 2189296
6 18 30 51 90 156 258 405 606 870 1206 1623 2130 2736 3450 4281 5238 6330 7566 8955 10506
-1 -4 -9 -7 21 103 287 664 1403 2798 5327 9723 17057 28833 47095 74546 114679 171920 251783 361037 507885
12 21 27 36 49 66 103 228 621 1657 4008 8780 17778 34184 64339 122099 238618 482693 1000301 2086896 4312375
3 7 20 46 85 144 245 430 763 1329 2230 3578 5485 8050 11343 15386 20131 25435 31032 36502 41237
8 20 31 55 114 240 476 881 1539 2567 4110 6310 9267 13125 18715 29878 60122 149574 405113 1090513 2820304
14 23 39 62 92 129 173 224 282 347 419 498 584 677 777 884 998 1119 1247 1382 1524
13 20 26 35 63 144 335 723 1432 2619 4431 6871 9501 10933 8223 -3211 -27317 -58450 -56692 109795 786183
-4 1 15 52 123 232 367 499 606 746 1209 2789 7258 18256 43161 97315 213710 464733 1009469 2193584 4755283
12 22 42 81 156 296 541 943 1574 2545 4049 6468 10631 18377 33672 64687 127570 253414 501794 988677 1946496
5 0 9 40 97 178 269 333 293 8 -759 -2382 -5423 -10694 -19331 -32881 -53403 -83584 -126871 -187620 -271263
9 14 29 53 91 149 237 376 606 1002 1724 3155 6218 13009 27938 59634 123943 248430 478887 888449 1590029
9 17 31 54 90 154 287 574 1169 2347 4624 9006 17436 33494 63376 117184 210729 368637 630989 1068702 1818374
4 0 2 20 67 159 315 557 910 1402 2064 2930 4037 5425 7137 9219 11720 14692 18190 22272 26999
-3 6 13 18 18 11 7 45 215 684 1725 3748 7332 13257 22535 36439 56529 84674 123069 174246 241078
10 17 20 24 47 134 382 971 2198 4518 8603 15434 26446 43766 70654 112470 179088 291237 497012 913226 1823903
3 5 15 45 116 271 596 1263 2606 5239 10230 19363 35557 63573 111233 191505 325981 550497 923921 1541473 2554346
7 14 27 52 104 203 382 721 1434 3054 6789 15178 33296 71000 147161 297610 589797 1149122 2204795 4167220 7754636
6 20 34 48 75 140 279 537 966 1622 2552 3752 5076 6099 5996 3592 -2166 -11044 -19598 -19108 4485
-5 -3 7 37 103 224 418 690 1012 1311 1506 1675 2509 6373 19656 57894 156901 396877 954173 2210721 4980391
8 17 32 49 63 66 46 -11 -115 -256 -353 -101 1426 6677 21467 58441 143166 324283 689690 1391397 2682513
12 12 7 8 35 120 311 677 1314 2352 3963 6370 9857 14780 21579 30791 43064 59172 80031 106716 140479
-2 11 33 75 145 246 388 626 1136 2341 5099 10965 22539 43912 81222 143332 242642 396047 626053 962063 1441845
10 12 17 39 89 174 294 432 540 532 303 -199 -813 -874 1260 8922 28158 69132 147997 289323 529181
12 13 15 18 36 97 243 530 1028 1821 3007 4698 7020 10113 14131 19242 25628 33485 43023 54466 68052
2 12 28 50 78 112 152 198 250 308 372 442 518 600 688 782 882 988 1100 1218 1342
8 13 17 20 34 83 203 442 860 1529 2533 3968 5942 8575 11999 16358 21808 28517 36665 46444 58058
11 16 32 65 131 256 480 868 1541 2750 5026 9449 18089 34682 65614 121296 218023 380420 644588 1062073 1704791
9 13 23 34 45 55 71 131 345 955 2413 5478 11352 21944 40552 73777 136733 266360 553205 1212475 2733391
6 9 12 23 48 86 130 186 325 796 2263 6299 16389 39877 91555 199952 417856 839211 1625294 3044015 5527318
-2 3 19 58 130 243 403 614 878 1195 1563 1978 2434 2923 3435 3958 4478 4979 5443 5850 6178
-1 -5 2 20 45 69 93 164 455 1414 4020 10212 23618 50825 103625 203011 386371 720831 1329148 2442253 4509031
11 23 42 65 93 136 218 384 718 1388 2741 5478 10946 21591 41623 77951 141453 248653 423884 702023 1131891
13 27 37 48 64 84 103 115 110 59 -102 -425 -640 920 10251 44585 146983 414507 1048383 2436630 5279500
-4 -8 -13 -14 -6 30 141 423 1060 2410 5205 10993 23048 48154 100041 206046 420234 849554 1706061 3410306 6792948
14 21 38 60 91 147 266 539 1190 2756 6458 14918 33469 72427 150861 302678 586446 1101833 2018997 3635088 6488933
7 17 23 32 47 79 169 420 1041 2410 5170 10392 19890 36889 67508 124106 232805 450065 897991 1836414 3803323
-5 6 24 58 112 192 323 585 1190 2648 6112 14048 31437 67770 140141 277800 528661 968570 1714728 2945546 4930126
-3 3 16 45 103 211 408 770 1452 2792 5555 11448 24104 50814 105381 212579 414823 781793 1423906 2510695 4295333
1 15 25 28 29 46 115 293 661 1334 2488 4414 7613 12975 22180 38687 70137 133825 268275 556112 1166653
6 3 -1 5 37 116 268 524 920 1497 2301 3383 4799 6610 8882 11686 15098 19199 24075 29817 36521
