-5 7 23 57 118 210 332 478 637 793 925 1007 1008 892 618 140 -593 -1637 -3053 -4907 -7270
4 11 22 46 102 229 497 1020 1976 3643 6469 11210 19191 32775 56200 97174 170247 304471 561029 1072744 2128999
1 12 18 28 46 76 130 248 544 1305 3197 7680 17815 39779 85613 178034 358547 700554 1329548 2452540 4398132
-4 2 11 27 59 129 280 584 1150 2132 3737 6233 9957 15323 22830 33070 46736 64630 87671 116903 153503
5 3 10 23 34 29 -18 -153 -449 -996 -1830 -2704 -2509 2006 18825 65622 178990 431632 965117 2054499 4240409
-2 4 9 25 63 135 269 532 1056 2062 3877 6939 11785 19017 29241 42974 60514 81768 106033 131725 156051
12 19 40 88 178 339 629 1158 2122 3858 6944 12401 22127 39832 72986 136717 261379 507030 991091 1941527 3799943
9 6 13 38 92 193 376 711 1335 2513 4753 9020 17158 32808 63536 125812 256430 538031 1154890 2512721 5492013
6 20 38 60 86 116 150 188 230 276 326 380 438 500 566 636 710 788 870 956 1046
4 4 14 36 68 99 106 52 -103 -343 -420 551 4897 17873 50360 123882 280314 601294 1247634 2539202 5114690
14 23 28 43 86 179 348 623 1038 1631 2444 3523 4918 6683 8876 11559 14798 18663 23228 28571 34774
-2 12 38 78 139 230 360 538 775 1083 1467 1931 2592 4153 9289 26059 75460 206990 529052 1265892 2860481
-1 5 18 46 108 246 535 1095 2104 3816 6600 11035 18123 29728 49455 84451 149245 274107 523078 1031680 2082614
-5 0 6 13 21 30 40 51 63 76 90 105 121 138 156 175 195 216 238 261 285
9 9 7 10 29 79 179 352 625 1029 1599 2374 3397 4715 6379 8444 10969 14017 17655 21954 26989
13 19 26 34 52 96 187 349 607 985 1504 2180 3022 4030 5193 6487 7873 9295 10678 11926 12920
10 22 43 71 115 202 394 819 1721 3540 7051 13628 25762 48058 89072 164532 302724 553122 999707 1780861 3118245
4 2 -3 -2 14 53 134 309 703 1591 3542 7671 16051 32348 62753 117296 211638 369448 625483 1029500 1651140
12 18 26 36 43 40 35 96 438 1566 4488 11012 24141 48580 91369 162656 276624 452586 716262 1101252 1650719
3 1 -1 8 39 116 286 637 1341 2745 5539 11036 21605 41304 76766 138397 241951 410553 677247 1088152 1706315
0 14 24 30 40 79 205 546 1378 3282 7460 16370 34974 73099 149709 300298 589164 1129038 2111448 3852326 6858748
-5 6 28 63 114 196 357 710 1487 3137 6514 13249 26479 52214 101755 195754 370847 690620 1264704 2284403 4092796
14 25 49 100 199 374 660 1099 1740 2639 3859 5470 7549 10180 13454 17469 22330 28149 35045 43144 52579
3 14 22 40 88 189 374 693 1239 2199 3946 7178 13105 23726 42427 75655 137562 261606 526446 1108194 2376987
8 16 27 40 60 104 217 497 1131 2453 5050 9967 19114 36106 68076 129676 251806 499978 1011125 2063674 4204412
-5 9 25 40 57 89 167 354 764 1577 3042 5484 9392 15777 27166 49854 98385 203689 426879 881424 1767275
1 9 24 49 88 154 284 562 1165 2470 5300 11465 24899 53938 115657 243709 501797 1005755 1958188 3700669 6789526
14 11 15 26 50 102 223 507 1147 2532 5472 11711 25038 53580 114379 242369 507880 1050733 2146465 4333876 8657038
-4 10 31 58 97 161 270 451 738 1172 1801 2680 3871 5443 7472 10041 13240 17166 21923 27622 34381
-3 -3 4 22 62 146 308 588 1024 1663 2647 4497 8832 19935 47820 113750 259459 561541 1152410 2248628 4185830
7 3 4 23 83 223 504 1015 1879 3259 5364 8455 12851 18935 27160 38055 52231 70387 93316 121911 157171
1 -1 10 40 96 192 353 626 1107 2001 3755 7357 15014 31682 68444 149705 327861 711859 1520360 3176630 6471532
3 5 3 11 43 113 235 423 691 1053 1523 2115 2843 3721 4763 5983 7395 9013 10851 12923 15243
0 3 9 27 80 208 472 960 1802 3210 5583 9765 17634 33379 66189 135805 283732 595221 1240833 2551947 5152404
10 22 39 62 96 152 245 387 572 753 818 582 -176 -1589 -3436 -4667 -2642 8000 36929 100254 223272
-1 -5 -9 -2 35 131 326 671 1237 2167 3853 7399 15645 35177 79932 177220 377219 767243 1492323 2783860 4998287
10 9 7 4 10 47 147 353 730 1393 2559 4630 8314 14791 25931 44571 74858 122665 196087 306024 466858
11 19 35 57 82 106 124 130 117 77 1 -121 -300 -548 -878 -1304 -1841 -2505 -3313 -4283 -5434
0 12 31 63 124 246 483 917 1664 2880 4767 7579 11628 17290 25011 35313 48800 66164 88191 115767 149884
-2 1 12 35 88 208 464 976 1949 3747 7067 13342 25622 50372 100909 203607 408571 807260 1560533 2941692 5399915
7 12 27 61 132 270 516 926 1593 2711 4733 8730 17150 35315 74190 155221 318379 634974 1227327 2298019 4172184
-5 -3 1 13 39 85 157 261 403 589 825 1117 1471 1893 2389 2965 3627 4381 5233 6189 7255
14 27 44 77 143 263 472 839 1510 2815 5522 11377 24139 51403 107602 218691 429142 812019 1483056 2619829 4487295
-5 2 23 56 108 209 422 853 1666 3105 5531 9520 16177 28062 51582 102478 217223 474822 1035775 2208232 4557152
4 6 19 39 67 104 158 269 558 1306 3069 6835 14229 27772 51200 89849 151112 244974 384631 587199 874519
9 21 28 33 49 99 216 443 833 1449 2364 3661 5433 7783 10824 14679 19481 25373 32508 41049 51169
2 12 25 38 52 74 130 296 762 1959 4809 11224 25128 54598 116392 245483 514861 1075953 2239741 4637256 9533737
6 6 2 -6 -18 -34 -54 -78 -106 -138 -174 -214 -258 -306 -358 -414 -474 -538 -606 -678 -754
0 -1 -3 8 46 125 259 462 748 1131 1625 2244 3002 3913 4991 6250 7704 9367 11253 13376 15750
-1 0 4 12 34 99 265 629 1337 2594 4674 7930 12804 19837 29679 43099 60995 84404 114512 152664 200374
4 10 25 49 82 124 175 235 304 382 469 565 670 784 907 1039 1180 1330 1489 1657 1834
7 4 7 11 9 -9 -44 -59 72 646 2256 5966 13523 27557 51688 90515 149857 238976 380209 640193 1215681
-4 5 21 50 100 187 344 628 1125 1972 3450 6268 12283 26126 58583 133180 298322 648631 1360923 2752678 5374022
2 5 3 -3 -14 -19 30 258 939 2636 6467 14584 30997 62944 123098 232985 427992 764135 1326107 2234687 3648860
0 14 28 43 72 142 303 644 1316 2562 4754 8437 14380 23634 37597 58086 87416 128486 184872 260927 361888
4 15 22 34 70 159 338 643 1100 1744 2724 4605 9078 20479 48894 116409 269716 605697 1323346 2828040 5936774
-4 -8 1 22 65 164 397 922 2040 4309 8759 17311 33605 64622 123776 236581 450564 851730 1590393 2919156 5244505
-2 5 16 35 64 109 186 327 584 1031 1781 3086 5714 12076 29139 75209 194490 486317 1160646 2638433 5725788
10 9 20 57 137 294 596 1173 2263 4289 8000 14761 27190 50554 95702 184893 362744 715761 1405620 2723641 5176863
8 21 29 28 24 40 136 440 1196 2850 6230 12941 26206 52570 105202 210073 417230 821125 1597477 3071776 5851394
4 7 5 -6 -18 -16 13 78 209 545 1551 4490 12401 32091 78164 181131 403679 873259 1847340 3843932 7901765
5 11 27 65 142 284 530 936 1579 2561 4013 6099 9020 13018 18380 25442 34593 46279 61007 79349 101946
5 8 19 48 118 265 541 1015 1781 3007 5095 9069 17366 35274 73341 151170 303117 586522 1093227 1965270 3415790
2 10 32 72 144 268 471 788 1262 1948 2935 4409 6794 11052 19354 36653 74354 158510 347082 764182 1664372
1 6 15 24 24 11 2 70 417 1520 4411 11188 25900 56005 114666 224226 421289 763930 1341663 2288912 3802856
14 11 21 44 89 171 320 614 1248 2651 5663 11784 23507 44747 81378 141890 238178 386475 608441 932420 1394877
2 3 6 6 6 29 141 486 1334 3143 6636 12894 23466 40497 66875 106398 163962 245771 359570 514902 723390
2 6 6 -2 -27 -72 -121 -125 26 579 2102 5879 14715 34572 77945 170915 367928 782614 1651420 3463246 7219303
3 0 10 42 111 236 438 737 1160 1780 2807 4753 8708 16819 33216 66018 132013 267884 557000 1191892 2615521
10 20 41 69 113 195 353 658 1257 2466 4968 10243 21503 45665 97306 206119 430077 877125 1738304 3333826 6168978
-5 -2 4 11 18 34 84 212 480 975 1866 3615 7566 17352 41937 101788 240976 550667 1215059 2602634 5450357
14 10 14 35 86 181 341 610 1092 2029 3951 7945 16114 32332 63450 121174 224922 406076 714180 1225799 2056950
12 12 17 26 34 28 -20 -154 -414 -767 -936 -20 4314 17497 51375 130550 303992 665426 1387739 2778990 5370666
9 9 20 42 81 160 331 688 1381 2631 4746 8138 13341 21030 32041 47392 68305 96229 132864 180186 240473
12 7 2 -3 -8 -13 -18 -23 -28 -33 -38 -43 -48 -53 -58 -63 -68 -73 -78 -83 -88
12 11 10 9 8 7 6 5 4 3 2 1 0 -1 -2 -3 -4 -5 -6 -7 -8
7 21 38 55 72 88 99 108 162 438 1411 4158 10902 26023 58043 123671 256093 521635 1052168 2105777 4176088
-4 2 20 52 113 232 452 832 1463 2519 4373 7817 14434 27179 51235 95219 172822 304976 522650 870386 1410695
-4 -1 12 31 57 93 143 210 302 478 1011 2831 8565 24747 66172 163972 379880 830429 1726638 3437191 6586273
-3 8 18 30 61 154 385 871 1782 3361 5960 10106 16618 26803 42765 67865 107371 169334 265718 413798 637819
9 21 43 73 108 144 176 198 203 183 129 31 -122 -342 -642 -1036 -1539 -2167 -2937 -3867 -4976
-5 4 10 24 64 165 386 809 1523 2597 4079 6132 9559 17214 37200 89403 217941 513752 1154202 2470926 5064188
5 11 29 66 135 250 433 739 1300 2398 4596 8980 17588 34117 64998 120903 218687 383661 651927 1072270 1706781
13 9 5 1 -3 -7 -11 -15 -19 -23 -27 -31 -35 -39 -43 -47 -51 -55 -59 -63 -67
4 10 19 37 84 208 506 1159 2489 5042 9693 17757 31075 52029 83441 128389 190298 274622 395787 598181 1010126
14 26 42 57 70 91 153 333 789 1830 4051 8578 17472 34337 65180 119609 212556 366874 617296 1016115 1640030
0 -3 2 15 36 65 102 147 200 261 330 407 492 585 686 795 912 1037 1170 1311 1460
-5 -3 5 17 42 105 251 543 1051 1826 2840 3841 4005 1143 -9986 -41018 -116152 -282660 -626976 -1295102 -2507547
-5 -9 -1 26 81 178 341 618 1112 2036 3796 7101 13092 23473 40616 67599 108121 166221 245709 349196 476587
-2 7 29 75 166 334 622 1082 1776 2804 4412 7272 13090 25839 54253 116987 253442 546293 1167159 2465913 5138614
5 0 0 5 15 30 50 75 105 140 180 225 275 330 390 455 525 600 680 765 855
7 13 19 22 33 72 163 329 587 943 1387 1888 2389 2802 3003 2827 2063 449 -2333 -6662 -12983
6 1 -3 2 34 134 381 911 1952 3900 7483 14094 26415 49494 92476 171262 312628 561273 994280 1756123 3149920
5 15 25 33 43 60 83 102 104 106 270 1233 4926 16382 47368 123161 294513 658012 1390061 2803436 5442679
9 16 22 28 35 39 21 -61 -263 -594 -836 -134 3811 16181 47427 117009 259001 530188 1021410 1873048 3295699
12 26 43 60 82 122 201 348 600 1002 1607 2476 3678 5290 7397 10092 13476 17658 22755 28892 36202
1 1 6 24 65 137 242 369 478 466 103 -1077 -3948 -10048 -21943 -43726 -81681 -145145 -247604 -408062 -652725
14 16 23 46 106 246 545 1138 2245 4209 7536 12923 21263 33645 51444 76749 113640 171238 270061 454076 812000
9 12 28 67 141 268 472 777 1193 1692 2172 2407 1981 204 -3992 -12179 -26583 -50260 -87300 -143061 -224435
-2 1 0 -8 -25 -44 -43 22 234 754 1906 4362 9537 20408 43187 90763 189923 396748 829539 1738485 3650192
-5 -9 -2 26 87 194 368 666 1250 2520 5330 11301 23258 45891 86958 159887 289866 528213 985581 1906557 3832754
12 15 32 63 113 187 290 436 668 1092 1935 3662 7260 14970 32094 71119 160433 361682 803175 1743870 3698612
12 11 7 6 10 26 86 283 828 2133 4925 10396 20394 37660 66116 111209 180316 283215 432627 644834 940378
10 19 38 67 106 155 214 283 362 451 550 659 778 907 1046 1195 1354 1523 1702 1891 2090
10 17 27 42 75 147 286 535 972 1746 3143 5724 10650 20485 41154 86517 188527 418720 931736 2050091 4423578
5 13 30 51 75 105 148 215 321 485 730 1083 1575 2241 3120 4255 5693 7485 9686 12355 15555
-2 11 33 69 135 257 475 851 1487 2566 4436 7764 13794 24750 44432 79060 138428 237437 398083 651983 1043529
-3 1 12 28 43 59 95 202 494 1207 2803 6153 12882 26077 51821 102591 204828 415767 860526 1812518 3863800
8 17 23 25 27 38 77 188 478 1205 2963 7037 16033 34926 72713 144908 277172 510433 907919 1564601 2619623
12 11 21 37 55 73 95 142 286 731 1964 4998 11762 25833 54084 110666 226437 470164 993714 2124026 4543390
12 23 33 45 76 158 344 731 1510 3054 6054 11702 21883 39254 66939 107350 159372 212869 239247 176731 -90854
0 9 31 77 154 271 446 720 1198 2146 4189 8692 18477 39142 81398 164994 324872 620007 1144619 2039555 3497776
3 6 15 34 70 137 256 464 841 1561 2982 5829 11620 23675 49379 104898 224335 476428 993401 2018544 3981570
-1 6 27 61 107 164 231 307 391 482 579 681 787 896 1007 1119 1231 1342 1451 1557 1659
0 10 23 34 42 53 86 177 371 687 1036 1076 28 -3395 -10490 -20404 -23929 11781 178170 702259 2112335
10 14 32 60 93 127 157 169 124 -54 -446 -980 -1009 1583 12039 41541 111678 261198 555812 1101972 2065713
6 8 20 39 75 148 299 615 1280 2674 5550 11325 22525 43426 80933 145737 253786 428100 700952 1116427 1733359
11 21 36 67 129 241 437 793 1489 2941 6056 12688 26411 53787 106421 204326 381599 696365 1248756 2213929 3902621
12 22 31 35 41 72 173 418 918 1830 3367 5809 9515 14936 22629 33272 47680 66822 91839 124063 165037
0 10 28 65 143 307 635 1249 2341 4235 7507 13185 23067 40261 70223 122930 217490 391612 720130 1349437 2558531
0 5 10 23 52 105 190 315 488 717 1010 1375 1820 2353 2982 3715 4560 5525 6618 7847 9220
12 14 20 26 41 89 211 478 1036 2213 4726 10039 20949 42522 83565 158893 292708 523408 910024 1540152 2538585
7 20 46 91 174 340 673 1309 2449 4372 7448 12151 19072 28932 42595 61081 85579 117460 158290 209843 274114
14 15 25 57 124 239 415 665 1002 1439 1989 2665 3480 4447 5579 6889 8390 10095 12017 14169 16564
7 2 2 9 31 79 169 331 634 1238 2493 5145 10814 23128 50318 110884 245505 541406 1181196 2538901 5364937
11 22 47 84 135 217 379 728 1480 3066 6352 13088 26794 54442 109564 217959 428299 832210 1602766 3068251 5851781
14 9 12 29 65 124 209 322 464 635 834 1059 1307 1574 1855 2144 2434 2717 2984 3225 3429
2 8 18 34 70 159 360 770 1544 2932 5356 9570 16970 30145 53782 96077 170938 301686 528030 920400 1610106
-1 -5 4 35 105 251 543 1096 2083 3755 6478 10801 17573 28131 44585 70230 110119 171835 266504 410095 625057
10 7 14 31 58 95 142 199 266 343 430 527 634 751 878 1015 1162 1319 1486 1663 1850
4 16 38 73 128 225 420 830 1668 3286 6226 11279 19552 32543 52224 81132 122468 180204 259198 365317 505568
1 15 28 48 83 141 230 358 533 763 1056 1420 1863 2393 3018 3746 4585 5543 6628 7848 9211
10 17 30 46 74 137 286 630 1394 3035 6476 13573 28041 57290 116058 233530 467042 927856 1828404 3566633 6872792
-1 6 16 36 82 188 424 923 1917 3782 7092 12682 21720 35788 56972 87961 132155 193782 278024 391152 540670
6 14 21 38 84 183 361 643 1050 1596 2285 3108 4040 5037 6033 6937 7630 7962 7749 6770 4764
6 12 25 57 125 260 516 979 1776 3084 5139 8245 12783 19220 28118 40143 56074 76812 103389 136977 178897
11 17 31 63 126 236 413 695 1181 2121 4074 8176 16638 33806 68609 140281 291409 616633 1323509 2857307 6149348
-5 4 15 26 48 119 326 843 2003 4432 9283 18618 35996 67335 122126 215087 368355 614324 999247 1587730 2468256
0 8 11 6 -13 -50 -96 -108 24 532 1879 4994 11775 26127 56022 117437 241608 487900 965795 1871082 3543299
-1 -5 4 37 119 291 610 1142 1943 3023 4288 5455 5935 4679 -18 -10760 -31345 -67117 -125380 -215879 -351353
-3 11 39 95 200 390 727 1323 2387 4305 7763 13923 24662 42884 72915 120991 195849 309431 477711 721655 1068324
0 4 8 12 16 20 24 28 32 36 40 44 48 52 56 60 64 68 72 76 80
13 17 30 52 83 123 172 230 297 373 458 552 655 767 888 1018 1157 1305 1462 1628 1803
0 0 12 46 115 231 413 709 1243 2313 4589 9489 19840 40950 82212 159314 297018 532270 917082 1520152 2425521
5 11 29 66 135 269 549 1160 2489 5281 10882 21631 41531 77459 141412 254699 455677 813727 1453851 2598768 4638975
-4 0 8 26 55 86 92 21 -211 -725 -1660 -3051 -4392 -3387 7191 46760 162707 463059 1181517 2802781 6297778
7 7 19 47 95 167 267 399 567 775 1027 1327 1679 2087 2555 3087 3687 4359 5107 5935 6847
5 5 3 -4 -5 39 205 614 1433 2873 5183 8640 13535 20155 28761 39562 52685 68141 85787 105284 126051
1 3 13 36 90 219 510 1114 2271 4339 7827 13432 22080 34971 53628 79950 116269 165411 230761 316332 426838
-1 -1 0 10 37 89 174 300 475 707 1004 1374 1825 2365 3002 3744 4599 5575 6680 7922 9309
6 6 6 6 6 6 6 6 6 6 6 6 6 6 6 6 6 6 6 6 6
13 18 25 42 81 159 295 508 822 1287 2029 3356 5986 11552 23735 50821 111513 248230 557567 1259504 2852013
2 1 8 32 78 158 308 606 1183 2229 4030 7149 13020 25526 54692 124608 289324 662985 1474156 3159322 6516982
0 9 23 55 127 269 529 1005 1905 3632 6876 12677 22417 37749 60677 94556 148018 246279 458737 959367 2148719
11 9 13 27 64 155 358 765 1512 2813 5064 9097 16707 31627 61187 118963 228801 430689 789047 1404111 2427202
13 8 16 34 59 88 118 146 169 184 188 178 151 104 34 -62 -187 -344 -536 -766 -1037
8 7 6 5 4 3 2 1 0 -1 -2 -3 -4 -5 -6 -7 -8 -9 -10 -11 -12
13 16 21 42 95 204 404 744 1306 2277 4146 8164 17330 38389 85699 188404 403211 836294 1679531 3268526 6172793
14 18 19 31 76 181 385 752 1381 2400 3938 6096 8997 13119 20398 37268 82424 205782 533053 1366513 3403754
14 14 14 10 5 6 27 106 353 1056 2891 7315 17270 38390 80978 163099 315208 586786 1055476 1839176 3111435
-4 7 32 77 149 252 395 625 1095 2182 4687 10180 21598 44261 87536 167446 310582 559721 981570 1677031 2794299
-5 7 29 64 123 230 435 837 1628 3184 6261 12426 25003 51109 105916 221313 463005 963317 1982377 4019084 8006911
4 2 14 36 60 72 61 45 125 582 2042 5771 14260 32475 70581 149804 314783 659121 1377545 2871455 5961233
-1 -5 5 42 117 246 455 795 1388 2540 4981 10331 21951 46434 96165 193730 379685 726693 1366025 2538304 4691969
-4 -7 -10 -13 -16 -19 -22 -25 -28 -31 -34 -37 -40 -43 -46 -49 -52 -55 -58 -61 -64
10 12 17 27 50 103 224 500 1116 2427 5060 10089 19429 36817 70165 136802 274377 562366 1163012 2397829 4890175
-2 0 2 4 6 8 10 12 14 16 18 20 22 24 26 28 30 32 34 36 38
-3 -1 2 5 15 44 102 198 360 680 1389 2978 6426 13723 29174 62593 136707 303345 677092 1502479 3283997
-5 -10 -17 -15 14 101 304 726 1530 2946 5275 8924 14577 23760 40368 74338 149861 322842 716591 1592271 3483336
14 18 36 78 159 303 559 1043 2017 4009 7965 15405 28531 50205 83676 131887 196150 273990 356184 423948 450381
-5 -5 3 16 32 48 68 118 278 762 2112 5629 14259 34317 78731 173061 366717 754280 1517095 3006182 5909154
14 21 34 51 74 105 153 260 566 1445 3756 9265 21306 45761 92451 177042 323582 567797 961286 1576767 2514538
-3 7 22 55 128 272 536 1000 1786 3073 5151 8597 14723 26538 50614 100547 203409 412281 831902 1673213 3370968
1 0 8 37 109 258 537 1031 1875 3274 5520 8999 14179 21568 31629 44637 60461 78252 96016 110049 114209
14 28 48 78 131 243 486 975 1867 3355 5670 9127 14300 22504 36922 64970 122876 243998 493164 990332 1948193
4 -1 0 16 66 190 474 1089 2342 4744 9111 16721 29541 50493 83623 133877 206099 303289 426212 582558 828793
9 22 30 34 47 93 213 474 982 1900 3478 6137 10759 19603 38838 84817 198384 475576 1130646 2621363 5892758
12 7 4 7 33 124 362 885 1901 3696 6631 11122 17596 26415 37759 51458 66762 82037 94374 99097 89155
0 7 16 41 105 239 489 929 1681 2948 5078 8701 15022 26416 47561 87467 162918 304045 562996 1026969 1837231
-4 4 19 50 109 220 436 872 1762 3550 7036 13627 25805 48046 88651 163346 302151 562004 1049130 1957642 3635692
6 18 32 51 85 147 261 482 925 1807 3523 6802 13020 24784 46948 88289 164176 300736 541298 956333 1658775
-2 5 10 22 48 107 252 604 1399 3059 6327 12559 24358 46897 90569 176136 344558 675677 1324110 2589968 5063262
12 13 14 15 16 17 18 19 20 21 22 23 24 25 26 27 28 29 30 31 32
14 24 34 44 54 64 74 84 94 104 114 124 134 144 154 164 174 184 194 204 214
12 20 31 45 62 82 105 131 160 192 227 265 306 350 397 447 500 556 615 677 742
4 16 36 61 94 148 256 491 1009 2148 4642 10036 21418 44633 90249 176771 336046 622612 1130108 2020027 3571370
9 22 45 76 115 176 301 572 1121 2141 3903 6785 11319 18261 28687 44115 66649 99136 145321 209978 298987
-2 10 19 24 29 49 117 304 775 1921 4636 10858 24571 53573 112449 227339 443248 834800 1521493 2688688 4615813
14 17 23 39 69 126 241 464 852 1442 2222 3151 4353 6747 13649 34475 92970 245103 617117 1484123 3426933
-4 0 17 53 121 254 526 1080 2158 4123 7467 12831 21151 34225 56316 97920 183600 366890 756789 1562385 3164773
8 19 30 41 52 63 74 85 96 107 118 129 140 151 162 173 184 195 206 217 228
4 16 42 87 156 261 423 670 1031 1532 2214 3216 4999 8831 17709 37963 81870 171704 345762 667037 1235358
10 17 20 18 22 52 138 339 800 1882 4424 10229 22908 49267 101482 200376 380190 695327 1229644 2108972 3517658
3 4 16 36 63 112 237 566 1365 3168 7033 15010 30944 61805 119877 226411 417843 756520 1349226 2378860 4157641
3 2 5 24 77 189 404 807 1564 2999 5751 11107 21708 42991 85971 172284 342801 671588 1287565 2407018 4381383
11 17 29 47 71 101 137 179 227 281 341 407 479 557 641 731 827 929 1037 1151 1271
6 14 21 29 35 39 53 119 356 1065 2938 7465 17747 40156 87731 187068 392212 812682 1670289 3414819 6959429
13 18 25 39 63 96 133 165 191 272 679 2209 6768 18364 44744 100087 209507 416843 798971 1494496 2766855
14 24 41 75 133 223 370 642 1182 2235 4159 7433 12741 21336 36098 64070 122001 248057 526414 1138760 2470784
13 20 31 44 70 143 328 741 1605 3375 6979 14242 28580 56055 106841 197027 350458 600084 988486 1569139 2416603
10 11 24 53 102 175 276 409 578 787 1040 1341 1694 2103 2572 3105 3706 4379 5128 5957 6870
8 16 28 54 105 204 400 792 1582 3196 6537 13460 27585 55593 109197 208094 384506 690649 1212028 2092383 3580927
2 3 15 42 86 146 217 289 346 365 315 156 -162 -700 -1531 -2741 -4430 -6713 -9721 -13602 -18522
10 8 10 23 62 149 319 633 1198 2194 3908 6775 11426 18743 29921 46537 70626 104764 152158 216743 303286
4 11 17 30 64 149 336 697 1320 2299 3719 5636 8052 10885 13934 16839 19036 19707 17725 11594 -616
1 14 26 50 96 173 295 495 856 1578 3128 6577 14335 31697 69994 152839 328170 690810 1423523 2869737 5659349
