-3 -6 -8 -9 -9 -8 -6 -3 1 6 12 19 27 36 46 57 69 82 96 111 127
7 8 21 49 90 151 263 508 1071 2329 4984 10237 19984 36992 64982 108506 172455 260974 375487 511449 653342
2 15 30 43 63 111 218 432 850 1701 3529 7567 16454 35528 75044 153857 305446 587749 1099374 2007067 3595081
-4 0 6 9 12 28 86 238 560 1133 1989 3023 3919 4235 3961 5122 15344 54702 167552 441309 1034170
1 8 17 30 53 94 171 326 636 1209 2152 3500 5097 6406 6158 1584 -13280 -50821 -134275 -298684 -570396
11 24 40 69 127 237 431 748 1229 1921 2931 4627 8180 16808 38375 90508 210267 471846 1018086 2115129 4244833
9 7 1 -5 -7 -1 17 51 105 183 289 427 601 815 1073 1379 1737 2151 2625 3163 3769
13 27 44 62 82 118 206 420 900 1905 3932 8013 16451 34528 74173 161317 349895 747639 1562888 3189448 6361360
6 13 30 64 123 229 444 905 1868 3775 7382 14029 26214 48795 91485 174030 336958 663737 1325690 2670798 5394113
3 2 6 18 50 127 297 652 1364 2744 5350 10220 19426 37418 74218 152727 324701 704058 1533130 3308682 7011838
0 -1 5 19 44 82 128 166 172 129 59 77 472 1820 5134 12056 25096 47923 85713 145559 236948
3 2 -2 -2 4 24 80 219 546 1315 3135 7373 16865 37079 77911 156336 300181 553336 982772 1687792 2812002
7 7 17 37 67 107 157 217 287 367 457 557 667 787 917 1057 1207 1367 1537 1717 1907
-3 9 31 67 127 239 461 907 1803 3588 7084 13791 26431 49982 93622 174257 322649 593603 1082229 1948979 3456983
-3 5 23 54 105 192 355 679 1324 2584 5020 9738 18902 36578 70005 131444 241093 432826 768329 1375179 2548057
0 11 22 33 44 55 66 77 88 99 110 121 132 143 154 165 176 187 198 209 220
2 14 37 71 116 172 239 317 406 506 617 739 872 1016 1171 1337 1514 1702 1901 2111 2332
-3 8 32 69 119 188 291 454 722 1186 2049 3759 7246 14310 28218 54580 102587 186708 328958 561865 932281
12 17 25 34 40 43 57 121 312 768 1752 3844 8469 19223 44993 106980 253984 594655 1363383 3050386 6649618
13 15 13 17 33 69 152 370 953 2407 5729 12785 27066 55303 110900 220958 440023 875984 1737537 3419880 6659021
4 18 38 62 98 170 334 700 1454 2872 5316 9200 14912 22676 32336 43042 52816 57974 52378 26490 -33802
-4 -4 4 17 46 115 256 497 846 1288 1842 2780 5200 12281 31742 80292 191208 426628 896712 1788523 3408330
1 14 38 72 127 233 441 816 1417 2260 3260 4148 4359 2887 -1897 -12468 -32415 -66758 -122318 -208144 -336001
1 12 20 25 27 26 22 15 5 -8 -24 -43 -65 -90 -118 -149 -183 -220 -260 -303 -349
11 15 20 35 69 131 230 375 575 839 1176 1595 2105 2715 3434 4271 5235 6335 7580 8979 10541
3 14 20 21 17 8 -6 -25 -49 -78 -112 -151 -195 -244 -298 -357 -421 -490 -564 -643 -727
9 4 0 0 20 101 319 804 1786 3695 7366 14466 28422 56478 114180 234772 487963 1015742 2098144 4270468 8527812
2 9 15 31 76 177 369 695 1206 1961 3027 4479 6400 8881 12021 15927 20714 26505 33431 41631 51252
5 4 11 38 97 200 359 586 893 1292 1795 2414 3161 4048 5087 6290 7669 9236 11003 12982 15185
-3 1 8 22 51 110 228 464 950 2002 4378 9822 22135 49200 106740 225266 462983 929931 1833332 3562630 6847639
10 22 30 36 37 35 54 161 485 1225 2645 5090 9145 16222 30120 60485 129640 285032 620692 1312872 2677825
3 -1 9 33 71 123 189 269 363 471 593 729 879 1043 1221 1413 1619 1839 2073 2321 2583
-4 3 6 5 0 -9 -22 -39 -60 -85 -114 -147 -184 -225 -270 -319 -372 -429 -490 -555 -624
-3 -1 -1 10 50 156 411 985 2202 4662 9477 18736 36411 70081 134143 255711 485355 916433 1719243 3199654 5895984
4 16 35 57 77 103 171 370 883 2043 4387 8658 15646 25674 37464 46206 41262 5818 -74665 -178805 -155765
-4 4 12 20 28 36 44 52 60 68 76 84 92 100 108 116 124 132 140 148 156
7 20 33 46 59 72 85 98 111 124 137 150 163 176 189 202 215 228 241 254 267
2 9 14 12 -5 -44 -101 -145 -96 203 1020 2774 6081 11806 21121 35569 57134 88317 132218 192624 274103
13 12 11 10 9 8 7 6 5 4 3 2 1 0 -1 -2 -3 -4 -5 -6 -7
5 3 1 -1 -3 -5 -7 -9 -11 -13 -15 -17 -19 -21 -23 -25 -27 -29 -31 -33 -35
5 4 9 27 69 146 273 487 885 1688 3337 6627 12885 24198 43697 75903 127141 206028 324041 496171 741669
6 19 32 45 58 71 84 97 110 123 136 149 162 175 188 201 214 227 240 253 266
13 19 22 31 60 132 289 607 1215 2317 4216 7339 12262 19734 30699 46315 67969 97287 136138 186631 251104
1 12 25 50 93 168 305 564 1069 2076 4095 8113 16044 31723 63174 127716 263099 551022 1165583 2471502 5221345
8 19 25 34 56 111 241 521 1073 2108 4054 7873 15727 32222 66540 135862 270590 521993 973031 1753252 3058810
5 13 20 36 82 204 491 1095 2258 4355 7963 13964 23685 39070 62868 98807 151707 227465 332822 474796 659636
-5 3 18 50 121 261 505 886 1419 2078 2787 3488 4434 7028 15897 43700 121973 325319 825048 2007402 4731877
6 3 11 34 83 176 338 601 1004 1593 2421 3548 5041 6974 9428 12491 16258 20831 26319 32838 40511
13 12 18 42 94 193 375 710 1336 2515 4711 8677 15506 26546 43029 65317 92043 120526 152332 212756 401786
4 0 -4 -8 -12 -16 -20 -24 -28 -32 -36 -40 -44 -48 -52 -56 -60 -64 -68 -72 -76
5 18 39 80 156 299 586 1194 2509 5343 11367 23961 49834 102021 205306 405904 788613 1507004 2836111 5263290 9642480
1 5 12 22 35 51 70 92 117 145 176 210 247 287 330 376 425 477 532 590 651
-4 -3 12 42 85 133 169 164 74 -163 -630 -1434 -2709 -4619 -7361 -11168 -16312 -23107 -31912 -43134 -57231
12 10 8 5 -2 -20 -52 -79 -32 246 1048 2861 6434 12856 23644 40841 67124 105922 161544 239317 345734
5 15 34 75 163 334 640 1160 2024 3475 6030 10862 20618 41020 83774 171543 346031 680583 1299138 2403885 4314573
-3 8 16 20 27 52 121 275 579 1153 2262 4529 9369 19783 41699 86102 172257 332398 618332 1110490 1930047
1 7 13 30 70 157 334 679 1342 2617 5082 9886 19341 38091 75277 148291 288903 552739 1033267 1881590 3333424
11 23 30 38 55 95 193 441 1064 2564 5969 13233 27842 55690 106298 194458 342393 582533 961016 1542032 2413137
2 12 21 29 36 42 47 51 54 56 57 57 56 54 51 47 42 36 29 21 12
4 9 17 33 62 109 179 277 408 577 789 1049 1362 1733 2167 2669 3244 3897 4633 5457 6374
-3 -2 -1 0 1 2 3 4 5 6 7 8 9 10 11 12 13 14 15 16 17
14 15 16 17 18 19 20 21 22 23 24 25 26 27 28 29 30 31 32 33 34
-1 -2 -1 -3 -17 -60 -147 -263 -305 31 1461 5488 15035 35463 76139 152762 290703 529668 930051 1581407 2613543
0 7 11 12 20 67 230 672 1707 3902 8245 16442 31474 58674 107835 197391 362918 674996 1277867 2474579 4915212
1 -3 1 18 59 137 269 481 821 1393 2433 4456 8511 16589 32237 61439 113833 204341 355297 599166 981955
-4 6 21 53 127 290 618 1235 2362 4432 8342 15965 31120 61322 120868 236266 455836 866690 1624407 3003649 5481601
-1 -4 -10 -23 -39 -49 -32 69 394 1246 3223 7435 15858 31901 61291 113415 203297 354432 602748 1002021 1631127
9 6 -2 -2 19 73 176 367 762 1672 3822 8724 19292 40855 82842 161601 305095 560618 1007222 1775274 3076505
6 9 17 30 48 71 99 132 170 213 261 314 372 435 503 576 654 737 825 918 1016
3 16 37 71 137 281 597 1266 2637 5402 10969 22223 44995 90743 181197 356042 685119 1287124 2357389 4208047 7324725
5 2 10 26 42 52 55 51 38 28 123 742 3195 11022 32975 89436 225813 539704 1234542 2723104 5823274
8 16 26 38 52 68 86 106 128 152 178 206 236 268 302 338 376 416 458 502 548
-2 9 17 28 57 123 248 457 779 1262 2043 3574 7237 16859 42181 106318 260912 615347 1390473 3013284 6277533
14 14 10 9 14 24 41 84 222 664 1996 5750 15648 40102 96883 221325 480086 993562 1972014 3774231 7004706
1 13 32 58 92 134 177 206 214 245 478 1394 4145 11402 29237 71038 165119 368629 791652 1637098 3264194
11 19 23 36 68 130 247 485 1003 2145 4597 9658 19720 39128 75705 143387 266627 487503 876811 1550848 2696100
5 13 29 61 128 266 536 1045 2000 3824 7372 14294 27601 52499 97565 176348 309487 527447 873983 1410451 2221094
14 11 21 55 123 232 385 588 886 1460 2831 6236 14276 32022 68977 142765 286386 562771 1094064 2120376 4117463
7 11 14 12 11 23 73 229 675 1861 4794 11594 26547 58065 122237 249055 492959 950103 1785742 3276424 5873291
13 13 27 60 114 186 269 366 533 987 2355 6212 16186 40144 94393 211550 454917 944057 1899083 3715292 7085626
11 7 14 34 66 106 147 179 189 161 76 -88 -356 -756 -1319 -2079 -3073 -4341 -5926 -7874 -10234
13 23 37 67 120 203 331 538 891 1507 2573 4369 7294 11895 18899 29248 44137 65055 93829 132671 184228
5 9 18 43 103 231 477 903 1575 2565 3983 6063 9329 14876 24844 43315 78325 146953 288652 599455 1315911
5 13 35 72 139 266 499 902 1573 2710 4810 9163 18916 41138 90562 196148 412608 841179 1668398 3240588 6209156
5 3 4 14 40 103 263 668 1644 3854 8571 18144 36813 72207 138254 261056 490903 926641 1764110 3390042 6559430
-5 1 7 13 19 25 31 37 43 49 55 61 67 73 79 85 91 97 103 109 115
4 15 25 36 63 130 273 554 1089 2093 3945 7275 13072 22806 38547 63049 99746 152579 225537 321750 441917
9 18 38 73 128 222 408 800 1607 3174 6030 10943 18982 31586 50640 78558 118373 173834 249510 350901 484556
-5 -10 -20 -34 -56 -100 -193 -371 -665 -1081 -1581 -2065 -2327 -1878 694 9725 38057 121290 351720 954802 2453916
1 -3 -3 -4 1 39 176 550 1423 3263 6890 13778 26724 51315 99006 193264 381317 755961 1495491 2937040 5713411
12 9 18 37 75 152 299 558 982 1635 2592 3939 5773 8202 11345 15332 20304 26413 33822 42705 53247
3 17 33 48 64 97 194 457 1087 2474 5381 11315 23259 47067 94011 185235 359255 684219 1277533 2336870 4188814
8 20 45 91 165 280 467 788 1346 2288 3797 6069 9271 13476 18571 24134 29276 32444 31181 21839 -759
3 6 9 12 15 18 21 24 27 30 33 36 39 42 45 48 51 54 57 60 63
1 4 7 10 13 16 19 22 25 28 31 34 37 40 43 46 49 52 55 58 61
8 14 24 35 51 87 174 368 762 1505 2856 5354 10285 20808 44422 98005 217564 476280 1016648 2105797 4227799
0 2 7 24 70 173 373 716 1240 1965 2925 4326 6986 13313 29212 67523 154014 337922 711261 1445938 2867444
4 15 28 43 57 77 132 298 759 1936 4725 10894 23698 48780 95435 178323 319726 552453 923506 1498629 2367871
6 13 32 63 114 214 428 885 1839 3792 7717 15428 30153 57375 106015 190040 330588 558711 918846 1473133 2306708
-5 -3 -1 1 3 5 7 9 11 13 15 17 19 21 23 25 27 29 31 33 35
14 23 31 48 80 126 175 203 170 17 -337 -998 -2100 -3808 -6321 -9875 -14746 -21253 -29761 -40684 -54488
-3 9 19 30 49 95 216 529 1292 3007 6541 13253 25151 45206 78176 132754 226782 399149 735812 1425206 2874348
9 7 11 29 73 156 300 550 995 1815 3403 6660 13651 28986 62625 135396 289457 607280 1244421 2483062 4814341
6 5 11 36 87 172 313 570 1093 2242 4851 10767 23874 51914 109536 223150 438434 832116 1532039 2756317 4899991
12 18 21 25 48 126 313 679 1303 2253 3540 5028 6277 6291 3138 -6596 -28562 -71660 -149361 -281397 -495882
5 1 9 27 59 115 220 445 977 2252 5185 11544 24531 49652 95980 177940 317773 548867 920177 1501993 2393355
-4 8 31 65 105 143 183 273 557 1345 3187 6927 13723 25083 43159 72019 121686 218922 432879 931053 2093105
7 6 19 47 103 217 447 905 1812 3600 7080 13689 25810 47119 82842 139691 225077 344954 499313 673899 826145
14 25 32 48 97 225 515 1108 2227 4198 7471 12687 20953 34742 60336 113645 232824 503775 1108986 2417194 5142565
-4 7 24 50 83 111 102 -12 -350 -1086 -2431 -4583 -7631 -11368 -14867 -15435 -6088 30137 132046 383340 954719
11 7 -2 -16 -38 -65 -67 52 517 1770 4572 10084 19851 35561 58424 88107 121555 153045 178966 214844 339100
-5 -6 4 31 94 236 536 1135 2284 4421 8297 15203 27398 48899 86895 154311 274815 493604 902241 1696942 3313746
6 6 2 -5 -9 1 49 193 563 1414 3194 6661 13184 25581 50253 102068 214581 459984 986117 2082919 4300086
3 -1 -4 3 31 88 178 308 512 908 1823 4062 9470 22051 50075 109833 232001 471957 925870 1754957 3220993
11 20 37 72 139 256 445 732 1147 1724 2501 3520 4827 6472 8509 10996 13995 17572 21797 26744 32491
-2 4 16 34 71 152 322 673 1412 3010 6499 14030 29887 62294 126585 250669 484258 914088 1688410 3055426 5422167
4 7 18 45 98 199 396 778 1484 2706 4705 7894 13103 22244 39760 75505 150144 305001 620048 1247563 2477132
1 12 23 47 95 189 380 769 1537 2998 5697 10583 19295 34607 61086 106025 180721 302176 495307 795759 1253423
7 9 25 66 152 314 603 1119 2079 3947 7665 15069 29680 58299 114359 225090 446771 896628 1817976 3710017 7580794
12 25 48 78 119 192 354 737 1624 3583 7679 15773 30889 57576 102101 172168 275652 417549 593954 781368 918979
6 13 17 18 26 61 153 342 678 1221 2041 3218 4842 7013 9841 13446 17958 23517 30273 38386 48026
-5 -7 -1 9 24 58 149 373 869 1899 4003 8388 17853 38865 85960 190578 417923 897697 1877915 3815955 7528306
12 9 15 38 95 207 407 774 1506 3045 6267 12750 25133 47579 86355 150542 252888 410817 647607 993750 1488507
8 22 44 72 102 140 227 473 1106 2547 5520 11196 21352 38501 65919 107463 167044 247596 349372 467408 588034
-5 2 21 66 150 281 459 674 905 1120 1277 1326 1212 879 275 -642 -1897 -3490 -5387 -7510 -9726
14 12 12 17 40 109 267 567 1061 1782 2724 3854 5279 7915 15506 39872 113258 315330 828898 2049753 4795156
9 15 25 51 108 227 470 942 1806 3321 5940 10525 18759 33861 61739 112748 204255 364251 636291 1086087 1810126
2 13 20 36 74 147 268 450 706 1049 1492 2048 2730 3551 4524 5662 6978 8485 10196 12124 14282
12 20 40 77 150 292 550 985 1672 2700 4172 6205 8930 12492 17050 22777 29860 38500 48912 61325 75982
3 14 35 69 124 216 371 626 1029 1638 2519 3743 5382 7504 10167 13412 17255 21678 26619 31961 37520
-5 5 18 48 119 266 543 1052 2010 3870 7521 14634 28332 54606 105401 205300 405693 814023 1652456 3372172 6869493
3 4 15 35 63 104 181 350 719 1476 2935 5613 10355 18528 32309 55096 92075 150980 243087 384487 597687
1 3 15 39 83 161 296 533 983 1942 4168 9461 21785 49310 107955 227307 460213 897941 1693645 3098027 5512663
6 3 10 41 114 255 513 985 1849 3399 6074 10475 17368 27667 42361 62279 87514 116475 145644 175129 236496
12 18 35 74 142 239 362 523 783 1296 2353 4423 8213 14819 26122 45704 80726 145430 267207 496520 922392
7 14 35 75 152 304 595 1125 2059 3697 6611 11878 21456 38828 70283 127853 236505 451796 902078 1886002 4090560
-1 6 22 52 110 216 395 692 1222 2279 4533 9349 19267 38687 74808 138875 247793 426172 708872 1144122 1797292
-4 -8 -4 15 56 126 232 381 580 836 1156 1547 2016 2570 3216 3961 4812 5776 6860 8071 9416
13 9 11 30 72 136 217 314 443 655 1059 1850 3342 6006 10513 17782 29033 45845 70219 104646 152180
5 13 32 68 126 222 395 727 1374 2619 4982 9465 18075 34858 67795 132060 255323 486001 905620 1646754 2918356
-5 -2 1 0 -11 -32 -44 10 251 905 2393 5566 12308 26984 59729 133640 300061 670187 1478420 3205021 6804859
11 15 30 64 130 251 471 876 1641 3131 6096 12012 23632 45823 86777 159696 285063 493623 830210 1358568 2167326
10 10 24 53 96 161 278 523 1075 2342 5207 11461 24507 50437 99603 188823 344384 606026 1032114 1706229 2745434
-2 5 12 21 32 54 121 318 830 2041 4730 10437 22104 45134 89055 170026 314478 564245 983608 1668749 2760192
7 6 18 53 130 272 514 925 1646 2957 5407 10072 19047 36329 69309 131162 244505 446784 797952 1391111 2366912
-1 10 31 64 122 242 501 1034 2052 3863 6912 11882 19956 33485 57662 104610 203011 419892 908080 2006324 4445422
6 16 36 70 135 274 564 1115 2068 3607 6016 9851 16373 28515 52848 103282 207602 418410 830636 1608508 3025747
6 8 6 0 -10 -24 -42 -64 -90 -120 -154 -192 -234 -280 -330 -384 -442 -504 -570 -640 -714
-1 4 7 22 65 164 382 863 1920 4188 8878 18199 36071 69349 129962 238759 432718 779110 1404460 2555176 4725190
9 8 6 12 37 107 272 611 1233 2274 3890 6246 9501 13789 19196 25733 33305 41676 50430 58928 66261
13 26 52 87 133 209 366 705 1405 2786 5461 10681 21081 42275 86295 179039 376221 796650 1689282 3563235 7430413
2 14 35 76 156 303 559 989 1694 2828 4619 7394 11608 17877 27015 40075 58394 83642 117875 163592 223796
12 7 7 18 48 102 172 218 136 -277 -1317 -3208 -5509 -5535 5299 49272 178101 503565 1255402 2888354 6276771
-4 -7 -12 -22 -41 -65 -72 -13 199 708 1748 3698 7182 13282 24030 43525 80318 152163 294892 578090 1131481
10 19 32 50 73 101 148 267 585 1352 3017 6357 12702 24320 45051 81308 143596 248737 423030 706620 1159399
-5 0 3 13 44 126 318 735 1609 3412 7077 14361 28402 54530 101400 182523 318279 538504 885751 1419333 2220264
-1 6 12 17 21 24 26 27 27 26 24 21 17 12 6 -1 -9 -18 -28 -39 -51
8 12 28 56 96 148 212 288 376 476 588 712 848 996 1156 1328 1512 1708 1916 2136 2368
11 25 39 53 67 81 95 109 123 137 151 165 179 193 207 221 235 249 263 277 291
10 18 40 72 123 215 388 714 1322 2434 4411 7816 13530 23034 39171 68229 125519 249793 538903 1233851 2907550
6 6 7 21 57 132 295 677 1584 3650 8059 16823 33055 61080 106047 172387 259930 355646 417679 346433 -65259
13 25 32 34 42 83 200 454 930 1756 3159 5600 10044 18434 34485 65099 123263 234711 453814 900756 1845106
7 21 33 46 61 87 155 336 763 1657 3357 6354 11329 19195 31143 48692 73743 108637 156217 219894 303717
-1 -2 1 15 49 114 223 391 635 974 1429 2023 2781 3730 4899 6319 8023 10046 12425 15199 18409
1 10 31 70 134 229 367 588 1003 1864 3667 7294 14200 26651 48019 83140 138741 223942 350839 535174 797098
-5 0 17 49 98 174 313 617 1333 3006 6779 14988 32348 68305 141615 288996 580911 1149416 2236061 4273171 8021686
10 5 -1 4 41 139 337 701 1372 2662 5220 10306 20251 39269 74961 141166 263350 488607 903793 1667716 3067365
1 13 32 68 142 296 613 1261 2585 5286 10756 21702 43329 85636 167935 327721 637765 1238111 2393936 4596424 8732356
12 12 20 37 76 159 316 590 1050 1818 3129 5476 9975 19288 39910 87642 200172 464860 1077846 2465547 5526618
7 13 19 28 46 94 218 511 1157 2510 5237 10600 21053 41521 82066 163239 326487 653963 1305783 2589612 5089828
14 25 50 91 150 241 410 770 1564 3275 6808 13775 26920 50727 92260 162290 276770 458725 740630 1167355 1799762
10 16 27 46 85 177 400 926 2116 4689 10013 20619 41146 80103 153091 288458 536738 985602 1782347 3166056 5511327
3 15 37 83 169 320 588 1094 2107 4173 8307 16261 30881 56566 99842 170064 280259 448123 697185 1058151 1570441
-3 8 19 30 41 52 63 74 85 96 107 118 129 140 151 162 173 184 195 206 217
3 1 0 14 67 204 508 1123 2283 4347 7840 13500 22331 35662 55212 83161 122227 175749 247776 343162 467667
8 9 13 21 37 81 205 521 1249 2794 5859 11588 21702 38541 64872 103332 155648 222857 310941 454442 789565
-4 4 8 6 6 34 148 461 1188 2739 5881 11982 23327 43473 77630 133208 221124 359545 584150 974297 1716236
0 3 2 -3 -12 -25 -42 -63 -88 -117 -150 -187 -228 -273 -322 -375 -432 -493 -558 -627 -700
5 9 15 36 85 180 363 747 1618 3627 8117 17653 36882 73988 143295 270116 499899 915285 1667131 3029194 5491427
2 2 13 33 70 141 280 556 1111 2236 4506 8984 17471 32723 58489 99177 158984 240518 343419 464419 601884
11 6 11 35 97 226 461 851 1455 2342 3591 5291 7541 10450 14137 18731 24371 31206 39395 49107 60521
-3 -3 -8 -20 -42 -70 -71 55 538 1848 4896 11411 24662 50866 101956 200985 392463 761563 1468644 2809242 5314962
5 13 33 75 155 292 514 883 1555 2894 5670 11409 23065 46415 93041 186609 375593 757899 1526375 3049391 6008079
14 21 37 67 116 186 282 425 675 1167 2165 4145 7925 14860 27100 47851 81460 132937 206197 299815 398394
3 3 10 19 28 36 54 134 428 1293 3461 8293 18127 36699 69546 124188 209785 336059 511992 747007 1062502
9 18 36 71 131 222 348 509 688 822 765 273 -928 -2890 -4857 -4137 5843 38650 119562 292419 629241
8 14 34 67 115 189 327 622 1256 2546 5043 9798 19033 37643 76220 156645 321752 651142 1285928 2466037 4584695
12 21 30 39 48 57 66 75 84 93 102 111 120 129 138 147 156 165 174 183 192
10 7 5 5 19 83 281 776 1848 3952 7832 14761 27023 48812 87796 157682 282222 501221 879247 1517901 2572683
2 2 4 4 11 60 228 661 1621 3575 7368 14554 28016 53102 99650 185482 342236 624815 1126298 2000797 3496933
2 -2 -6 -10 -14 -18 -22 -26 -30 -34 -38 -42 -46 -50 -54 -58 -62 -66 -70 -74 -78
8 5 11 26 45 63 86 148 334 809 1853 3902 7595 13827 23808 39128 61828 94477 140255 203042 287513
10 7 5 5 4 1 16 131 560 1764 4655 10992 24189 50980 104806 212552 427610 854549 1694465 3326055 6446422
2 16 33 62 119 228 436 850 1706 3493 7175 14582 29089 56797 108623 204101 378527 696883 1281918 2372247 4443964
7 7 17 38 70 126 250 537 1166 2482 5211 10984 23526 51221 112460 246522 535269 1145569 2410573 4982054 10109394
-5 -6 -7 -8 -9 -10 -11 -12 -13 -14 -15 -16 -17 -18 -19 -20 -21 -22 -23 -24 -25
-3 6 21 52 108 193 315 503 827 1416 2469 4254 7090 11307 17179 24825 34073 44282 54117 61272 62136
11 19 35 54 71 84 94 97 63 -103 -623 -1936 -4821 -10558 -21132 -39485 -69821 -117969 -191809 -301766 -461377
8 5 1 -8 -27 -56 -87 -105 -85 46 549 2234 7231 20448 52112 122016 266686 552287 1100109 2140624 4131213
7 11 18 25 24 11 7 101 538 1902 5487 14024 33066 73574 156687 322470 645917 1266133 2439188 4632739 8692720
13 24 35 46 57 68 79 90 101 112 123 134 145 156 167 178 189 200 211 222 233
0 2 16 46 109 233 456 833 1463 2565 4670 9061 18694 39988 86116 182834 378611 762241 1494093 2863661 5400448
3 15 28 43 63 105 222 544 1353 3213 7182 15139 30265 57723 105588 186084 317191 524691 844728 1326963 2038411
4 14 28 50 94 197 445 1009 2193 4501 8747 16273 29424 52592 94459 172710 323820 623340 1228122 2464798 5016432
-5 3 19 42 78 150 312 673 1448 3078 6499 13689 28689 59417 120872 240962 471565 910222 1743281 3331607 6379424
-4 6 19 39 77 160 350 773 1658 3386 6549 12019 21027 35252 56920 88913 134888 199406 288071 407679 566377
2 7 26 56 96 157 268 489 944 1890 3838 7740 15259 29161 53931 96850 170018 294221 506182 871684 1508398
4 4 16 37 66 118 246 574 1345 3001 6349 12950 26036 52576 107670 223382 465606 964822 1969930 3939103 7688202
