-5 -10 -19 -36 -58 -74 -51 93 529 1570 3737 7838 15060 27074 46153 75303 118407 180382 267349 386816 547874
13 23 44 71 105 157 253 452 885 1829 3847 8064 16736 34450 70639 144708 296081 603071 1216866 2420385 4726615
-5 7 15 28 54 107 211 401 721 1219 1939 2910 4132 5559 7079 8491 9479 9583 8167 4384 -2862
0 6 10 23 66 182 447 984 1983 3742 6781 12169 22387 43404 89300 191952 420362 917694 1969796 4128035 8423200
-4 3 10 17 24 31 38 45 52 59 66 73 80 87 94 101 108 115 122 129 136
5 7 7 2 -2 5 32 95 246 633 1622 4066 9909 23483 54113 121011 261939 547779 1105993 2157018 4068952
4 3 3 10 37 116 324 836 2031 4689 10331 21784 44123 86297 164079 305688 562930 1033866 1909640 3571852 6795011
11 7 17 49 121 261 507 907 1519 2411 3661 5357 7597 10489 14151 18711 24307 31087 39209 48841 60161
-4 -9 -9 -4 6 21 41 66 96 131 171 216 266 321 381 446 516 591 671 756 846
3 -2 4 24 57 105 175 284 484 941 2125 5191 12642 29344 63880 130043 247921 443448 744394 1169434 1705039
9 14 30 58 108 211 441 959 2086 4415 8979 17498 32738 59054 103307 176621 298003 501900 853720 1481002 2634820
7 19 31 43 55 67 79 91 103 115 127 139 151 163 175 187 199 211 223 235 247
10 22 35 50 79 144 284 582 1235 2711 6073 13617 30095 65006 136763 279996 557865 1082220 2046438 3780706 6851992
8 10 20 36 57 83 115 155 206 272 358 470 615 801 1037 1333 1700 2150 2696 3352 4133
11 19 26 33 55 129 321 731 1509 2913 5472 10368 20232 40689 83244 170570 346075 690959 1354018 2602403 4905553
3 8 8 10 25 68 158 318 575 960 1508 2258 3253 4540 6170 8198 10683 13688 17280 21530 26513
11 22 28 32 48 97 208 432 876 1772 3622 7512 15774 33302 70007 145172 295017 586168 1141482 2194574 4213848
6 9 24 48 79 117 169 271 547 1338 3452 8614 20256 44942 95106 194669 391055 781253 1567965 3178288 6508136
4 6 8 10 12 14 16 18 20 22 24 26 28 30 32 34 36 38 40 42 44
5 13 35 76 149 275 483 810 1301 2009 2995 4328 6085 8351 11219 14790 19173 24485 30851 38404 47285
-4 7 32 82 171 315 532 843 1274 1859 2644 3692 5089 6951 9432 12733 17112 22895 30488 40390 53207
4 7 14 24 31 21 -21 -90 -109 184 1453 5141 14076 33388 71832 143625 270918 487037 840640 1400950 2264237
9 13 30 61 112 191 305 457 643 849 1048 1197 1234 1075 611 -295 -1811 -4139 -7518 -12227 -18588
11 9 17 43 107 253 561 1160 2245 4103 7155 12023 19633 31367 49279 76392 117095 177661 266909 397035 584639
2 16 32 62 123 233 410 672 1044 1591 2509 4323 8279 17124 36759 79973 175114 386043 856668 1906519 4227763
5 3 -3 -3 20 90 238 502 927 1565 2475 3723 5382 7532 10260 13660 17833 22887 28937 36105 44520
14 22 29 37 48 63 88 149 330 871 2397 6394 16104 38078 84704 178116 355990 679844 1246581 2204147 3772320
7 11 17 36 79 157 281 462 711 1039 1457 1976 2607 3361 4249 5282 6471 7827 9361 11084 13007
-3 -3 -2 12 49 117 230 431 851 1839 4212 9688 21579 45835 92544 178007 327521 579017 987714 1631964 2620477
4 8 14 28 63 140 296 598 1162 2176 3926 6824 11437 18516 29024 44162 65392 94456 133390 184532 250523
1 13 25 37 49 61 73 85 97 109 121 133 145 157 169 181 193 205 217 229 241
12 24 43 83 163 320 627 1224 2366 4492 8321 14990 26286 45148 76968 133118 240232 463371 960700 2105991 4750499
0 3 11 20 39 87 190 378 682 1131 1749 2552 3545 4719 6048 7486 8964 10387 11631 12540 12923
8 21 33 48 79 148 283 508 832 1253 1810 2760 5064 11592 29896 78229 198052 479221 1109543 2470388 5317665
-2 0 -1 9 54 177 449 992 2025 3945 7466 13858 25355 45836 81926 144715 252352 433838 734417 1223047 2002524
12 10 8 20 60 142 280 488 780 1170 1672 2300 3068 3990 5080 6352 7820 9498 11400 13540 15932
-3 11 31 59 100 162 266 473 942 2040 4532 9886 20735 41545 79545 145982 257771 439617 726693 1167965 1830262
3 17 35 66 115 182 261 339 395 399 311 80 -357 -1076 -2167 -3735 -5901 -8803 -12597 -17458 -23581
12 24 33 47 73 120 209 389 765 1564 3302 7175 15886 35246 77066 164122 338397 674560 1302219 2444210 4487444
5 16 26 35 43 50 56 61 65 68 70 71 71 70 68 65 61 56 50 43 35
5 12 27 45 62 89 175 452 1212 3033 6985 14978 30386 59245 112682 211978 399131 758494 1459819 2840999 5561578
9 15 34 77 162 311 559 982 1760 3307 6533 13377 27916 58712 123784 260992 549228 1150557 2391971 4920553 9992495
12 15 18 21 24 27 30 33 36 39 42 45 48 51 54 57 60 63 66 69 72
-5 0 18 61 142 270 443 644 843 1019 1250 1986 4730 13515 37791 97635 232579 515826 1076202 2130883 4032750
-4 3 17 44 99 211 438 888 1742 3275 5871 10028 16349 25515 38236 55176 76848 103475 134813 169932 206951
14 26 47 82 144 249 415 668 1059 1692 2753 4517 7310 11454 17394 26613 44790 90364 215169 551245 1414066
-4 6 11 12 12 13 14 6 -36 -156 -393 -677 -524 1725 10614 37113 105468 265706 615355 1335582 2749116
10 17 36 68 126 239 461 894 1747 3478 7099 14760 30761 63164 126182 243500 452624 810247 1398454 2331348 3761352
0 -1 2 5 8 17 46 125 320 773 1785 4000 8817 19299 42162 92137 201578 441617 968457 2123706 4649546
0 -2 9 28 59 121 264 602 1378 3079 6618 13596 26651 49894 89425 153916 255244 409156 635951 961172 1416315
3 8 12 25 69 178 398 787 1415 2364 3728 5613 8137 11430 15634 20903 27403 35312 44820 56129 69453
-2 3 6 5 8 34 128 387 1003 2342 5104 10659 21753 43988 88933 180663 369356 758929 1561470 3200681 6501366
12 11 16 25 36 49 64 75 60 -33 -304 -923 -2156 -4395 -8192 -14297 -23700 -37677 -57840 -86191 -125180
3 10 20 47 114 252 497 897 1553 2725 5035 9803 19586 39105 77033 149752 289503 561972 1103378 2196403 4420778
-4 9 18 30 57 121 261 539 1037 1834 2958 4333 5793 7320 9790 16702 37670 94975 235374 550920 1215173
8 19 28 36 57 116 244 470 824 1391 2494 5134 11877 28452 66410 147292 308864 614099 1163720 2113264 3695785
-2 12 37 80 161 317 606 1111 1944 3250 5211 8050 12035 17483 24764 34305 46594 62184 81697 105828 135349
7 2 -5 0 40 143 351 747 1515 3059 6226 12712 25786 51552 101090 193981 363935 667512 1197261 2101008 3609508
5 17 25 42 81 163 337 714 1515 3131 6200 11730 21342 37779 65950 115021 202581 362989 664139 1240838 2359931
13 24 48 94 181 333 574 923 1389 1966 2628 3324 3973 4459 4626 4273 3149 948 -2696 -8214 -16107
11 7 9 29 85 198 395 716 1224 2028 3350 5705 10344 20302 42848 95154 217133 499573 1143435 2579945 5704947
3 8 21 42 71 108 153 206 267 336 413 498 591 692 801 918 1043 1176 1317 1466 1623
-2 -3 -4 -5 -6 -7 -8 -9 -10 -11 -12 -13 -14 -15 -16 -17 -18 -19 -20 -21 -22
9 4 12 29 51 77 108 140 151 94 -68 -207 403 4120 17243 55019 152350 386455 924252 2119877 4711738
13 25 39 55 77 114 185 329 626 1237 2476 4936 9695 18615 34727 62749 110157 190516 334309 621142 1266983
12 26 54 98 167 291 532 1001 1890 3528 6470 11628 20453 35177 59124 97099 155864 244710 376134 566630 837603
0 14 41 87 165 290 475 739 1152 1953 3796 8218 18495 41171 88726 184108 368208 711824 1334259 2431449 4317441
-2 -3 5 23 62 146 315 628 1166 2035 3369 5333 8126 11984 17183 24042 32926 44249 58477 76131 97790
7 15 27 39 43 26 -29 -145 -366 -803 -1730 -3720 -7703 -14551 -23197 -25130 9010 158674 612514 1781276 4504212
11 25 43 64 82 94 104 118 131 113 7 -242 -602 -782 64 3800 13987 36833 82475 166660 312898
13 26 36 56 101 197 392 764 1421 2495 4156 6735 11190 20445 42675 98520 235625 555964 1264248 2749446 5716119
0 2 4 3 -4 -6 38 230 792 2170 5214 11504 23977 48177 94770 184579 358560 697307 1358561 2647892 5148788
-5 -5 -8 -19 -45 -95 -180 -313 -509 -785 -1160 -1655 -2293 -3099 -4100 -5325 -6805 -8573 -10664 -13115 -15965
5 2 10 36 98 232 507 1053 2104 4055 7529 13447 23091 38147 60712 93246 138447 199024 277340 374894 491608
1 -1 4 30 89 192 355 613 1055 1903 3668 7426 15267 30980 61047 116029 212437 375191 640780 1061246 1709125
-2 3 12 35 83 168 303 502 780 1153 1638 2253 3017 3950 5073 6408 7978 9807 11920 14343 17103
-5 -1 14 54 134 271 485 800 1245 1855 2672 3746 5136 6911 9151 11948 15407 19647 24802 31022 38474
-5 6 12 20 33 59 126 308 775 1888 4363 9522 19642 38436 71818 129427 228079 399614 707818 1282628 2385171
0 -2 4 27 72 137 222 347 573 1026 1953 3906 8282 18704 44247 106596 255512 601800 1386960 3128939 6923294
1 1 -4 -12 -8 37 171 483 1157 2575 5502 11437 23339 47218 95679 195708 405261 847281 1776688 3707186 7642542
-5 -9 -8 11 61 155 306 527 831 1231 1740 2371 3137 4051 5126 6375 7811 9447 11296 13371 15685
6 3 1 6 25 77 217 579 1442 3323 7103 14196 26777 48093 82891 138009 223190 352195 544309 826354 1235345
8 17 30 46 76 151 334 737 1551 3110 6037 11574 22297 43584 86467 172891 344962 680535 1318520 2498622 4621938
-1 1 14 48 113 229 438 818 1499 2681 4654 7820 12717 20045 30694 45774 66647 94961 132686 182152 246089
4 15 34 65 114 190 304 466 680 937 1206 1423 1478 1200 340 -1448 -4628 -9805 -17750 -29427 -46022
-1 11 18 30 61 142 336 760 1621 3271 6291 11642 20992 37465 67286 123141 230559 439279 842412 1607266 3022987
12 7 -3 -4 22 109 330 832 1886 3955 7793 14623 26525 47345 84824 155482 295559 584923 1197938 2508696 5302679
3 4 0 -2 4 22 65 176 455 1096 2464 5291 11144 23416 49209 102609 209987 418084 805736 1500148 2698612
-1 13 24 35 48 77 163 394 937 2096 4424 8953 17688 34669 68166 134942 267966 529443 1031717 1970578 3682663
10 5 11 33 86 195 395 731 1258 2041 3155 4685 6726 9383 12771 17015 22250 28621 36283 45401 56150
9 17 33 57 89 129 177 233 297 369 449 537 633 737 849 969 1097 1233 1377 1529 1689
7 17 33 54 90 166 332 692 1468 3115 6500 13160 25678 48299 88133 157846 282047 512587 964732 1900800 3918306
-3 -8 -3 10 34 78 169 378 875 2037 4637 10135 21067 41489 77422 137396 233839 387922 644995 1117672 2093982
13 8 3 -7 -21 -35 -34 23 216 666 1529 3016 5530 10101 19430 40030 86183 186724 396023 810971 1596293
-3 -7 -8 8 55 154 337 648 1152 1974 3401 6091 11444 22201 43348 83413 156255 283455 497430 845402 1394365
8 21 32 52 102 219 458 895 1647 2935 5238 9632 18503 37019 76136 158645 331058 686281 1405428 2832300 5601620
3 14 27 50 91 168 320 616 1167 2159 3947 7293 13921 27745 57474 121915 260323 551772 1149979 2343596 4657047
9 18 28 41 67 121 219 387 697 1355 2888 6510 14791 32808 70023 143210 280841 529440 962524 1692871 2888987
7 7 16 44 101 197 342 546 819 1171 1612 2152 2801 3569 4466 5502 6687 8031 9544 11236 13117
9 4 3 6 9 16 63 258 847 2329 5660 12614 26420 52894 102505 194334 364107 681218 1285436 2465596 4825011
3 3 -2 -12 -26 -46 -77 -127 -200 -258 -91 1041 5278 18120 52635 138183 337957 783193 1737828 3716878 7696466
-2 -6 1 33 108 248 479 831 1338 2038 2973 4189 5736 7668 10043 12923 16374 20466 25273 30873 37348
5 2 3 15 44 92 155 224 296 402 666 1442 3659 9675 25278 64150 157511 374566 865285 1948645 4291342
-5 -6 3 17 30 35 19 -52 -268 -846 -2260 -5461 -12227 -25693 -51122 -96990 -176471 -309422 -524983 -864923 -1387880
-2 9 23 39 51 46 14 -26 20 391 1569 4409 10305 21396 40816 72992 123994 201941 317467 484251 719615
-2 4 13 35 92 216 450 848 1476 2424 3847 6064 9766 16430 29124 54041 103346 200292 388097 744817 1407448
3 15 35 75 153 292 515 847 1335 2097 3411 5855 10509 19230 35011 62435 108235 181971 296835 470595 726689
-3 6 28 70 136 240 429 817 1631 3282 6498 12592 23986 45172 84363 156171 285745 514910 910968 1578954 2678284
7 8 14 33 68 117 173 224 253 238 152 -37 -366 -877 -1617 -2638 -3997 -5756 -7982 -10747 -14128
5 1 4 13 41 127 345 812 1692 3199 5618 9401 15478 26097 46881 91618 193120 427329 965511 2183751 4884312
6 3 14 41 94 191 358 629 1046 1659 2526 3713 5294 7351 9974 13261 17318 22259 28206 35289 43646
14 24 47 82 134 212 338 569 1047 2103 4453 9536 20065 40933 80844 155647 295753 562944 1087642 2148686 4338389
-2 -3 10 51 132 265 471 809 1438 2725 5412 10855 21348 40545 73993 129789 219374 358477 568222 876411 1318996
8 15 24 38 66 123 244 521 1175 2683 5995 12902 26659 53033 102038 190734 347594 619063 1079022 1841906 3080200
12 9 13 29 63 126 239 446 841 1624 3217 6489 13161 26509 52612 102718 198022 379571 728561 1406525 2731487
3 5 19 58 134 256 423 617 801 927 959 916 940 1394 2995 6987 15359 31113 58587 103838 175090
0 5 12 35 100 256 584 1200 2243 3829 5950 8321 10246 10699 9001 6707 11566 44625 151628 419691 999652
5 4 9 20 37 60 89 124 165 212 265 324 389 460 537 620 709 804 905 1012 1125
7 19 27 44 89 193 402 782 1436 2562 4610 8639 17039 34880 72301 148598 299117 587017 1124297 2112294 3925837
-3 3 20 52 100 162 233 305 367 405 402 338 190 -68 -465 -1033 -1807 -2825 -4128 -5760 -7768
2 13 36 68 116 205 397 829 1774 3725 7498 14346 26072 45125 74659 118531 181210 267565 382496 530368 714204
4 4 3 15 64 187 450 989 2100 4422 9290 19400 40068 81654 164279 326982 645269 1264146 2459148 4747249 9085937
-3 11 26 47 76 117 191 366 821 1987 4840 11459 26004 56313 116361 229866 435365 793115 1394198 2372223 3918020
7 21 38 68 116 192 332 635 1335 2949 6567 14368 30451 62065 121332 227662 411459 720841 1235768 2099640 3589482
-2 -6 -6 9 55 159 368 767 1520 2956 5739 11196 21936 42987 83848 162221 311041 592330 1125361 2144203 4113188
-5 0 3 3 -1 -10 -25 -47 -77 -116 -165 -225 -297 -382 -481 -595 -725 -872 -1037 -1221 -1425
6 10 27 55 87 122 171 260 434 777 1490 3120 7130 17194 41998 101130 237207 540325 1196274 2579598 5429982
7 18 43 79 122 167 208 238 249 232 177 73 -92 -331 -658 -1088 -1637 -2322 -3161 -4173 -5378
5 3 11 29 64 140 320 749 1735 3891 8370 17243 34104 65044 120227 216435 381137 658891 1121221 1881537 3117200
12 26 39 57 81 111 161 285 614 1404 3095 6381 12291 22281 38337 63089 99936 153182 228183 331505 471093
2 9 16 24 38 78 190 452 975 1906 3449 5931 9953 16681 28349 49065 86032 151319 264342 455242 769376
14 22 38 68 118 194 302 448 638 878 1174 1532 1958 2458 3038 3704 4462 5318 6278 7348 8534
1 8 20 32 48 93 232 610 1541 3702 8530 18976 40840 84995 170906 331962 623265 1132660 1995944 3417360 5696664
11 21 33 43 56 89 177 379 795 1621 3291 6796 14365 30917 67186 146426 318534 689014 1476804 3127278 6530093
-2 -1 5 24 70 172 393 861 1819 3719 7419 14602 28649 56419 111826 222969 446276 894419 1790949 3575836 7105752
4 5 11 22 37 54 72 96 159 387 1145 3317 8796 21298 47676 100007 198870 378441 694319 1235384 2141495
-4 6 24 57 109 191 333 610 1190 2410 4887 9681 18558 34467 62452 111350 196718 345368 601500 1033539 1739361
-4 -3 0 0 -2 10 81 312 903 2205 4765 9354 17017 29334 49453 85292 158073 322928 715357 1650887 3830967
3 9 19 38 74 138 244 409 653 999 1473 2104 2924 3968 5274 6883 8839 11189 13983 17274 21118
8 3 11 39 106 254 554 1118 2123 3856 6804 11853 20760 37292 69904 137733 283270 597677 1268781 2667855 5500066
12 13 14 18 27 50 106 227 475 1007 2249 5271 12489 28871 63958 135432 276183 549976 1088197 2176215 4450972
6 14 32 61 112 212 417 834 1658 3244 6272 12139 23840 47794 97345 199036 403230 801250 1551944 2921465 5341104
-1 -5 -9 -13 -17 -21 -25 -29 -33 -37 -41 -45 -49 -53 -57 -61 -65 -69 -73 -77 -81
7 6 9 21 59 147 316 606 1066 1747 2682 3846 5088 6026 5895 3337 -3879 -19220 -47849 -97197 -177663
8 12 28 66 144 288 532 918 1496 2324 3468 5002 7008 9576 12804 16798 21672 27548 34556 42834 52528
8 21 41 69 111 178 290 488 857 1569 2978 5857 11991 25590 56489 127123 287322 645005 1428463 3109681 6642003
12 25 34 34 17 -14 -36 4 210 797 2264 5846 14574 35536 84321 193136 424636 893889 1800682 3472794 6416667
11 12 26 58 113 196 312 466 663 908 1206 1562 1981 2468 3028 3666 4387 5196 6098 7098 8201
12 20 25 28 38 77 180 394 781 1442 2599 4807 9430 19616 42164 90940 192998 399580 806245 1590426 3082162
0 4 15 37 83 175 344 630 1082 1758 2725 4059 5845 8177 11158 14900 19524 25160 31947 40033 49575
-1 12 20 29 46 85 182 423 1003 2344 5313 11608 24443 49808 98893 192888 372515 716600 1377114 2642823 5050440
11 12 8 -5 -31 -71 -124 -187 -245 -240 1 919 3529 9994 24646 55777 118931 243536 487402 969467 1942857
12 12 15 19 22 22 17 5 -16 -48 -93 -153 -230 -326 -443 -583 -748 -940 -1161 -1413 -1698
14 27 47 76 111 148 189 260 448 965 2247 5096 10873 21750 41029 73536 126098 208111 332207 515028 778115
-5 0 7 25 70 179 437 1031 2343 5105 10674 21555 42418 82047 156995 298376 564597 1065708 2010879 3801819 7215896
8 22 43 70 107 168 288 535 1013 1842 3106 4793 6842 9602 15349 32062 81502 214854 540877 1273768 2810901
13 14 19 24 21 8 2 62 332 1117 3008 7075 15150 30225 56993 102563 177383 296408 480553 758474 1168723
9 6 2 -1 0 15 81 296 881 2305 5547 12637 27726 59094 122726 248380 489449 938392 1750088 3176163 5614164
-4 10 30 66 140 286 550 990 1676 2690 4126 6090 8700 12086 16390 21766 28380 36410 46046 57490 70956
-3 5 16 42 91 171 299 514 892 1567 2787 5090 9784 20069 43360 95670 209303 445601 915098 1808170 3440145
1 4 19 47 99 201 405 816 1642 3283 6497 12728 24772 48116 93549 182097 354189 686728 1325554 2549018 4895749
-4 3 17 44 90 161 263 402 584 815 1101 1448 1862 2349 2915 3566 4308 5147 6089 7140 8306
2 11 31 74 162 331 649 1260 2469 4895 9738 19237 37451 71593 134314 247603 449380 804459 1422401 2485924 4295056
-5 1 21 59 129 265 545 1141 2407 5017 10165 19839 37181 66945 116065 194345 315283 497041 763573 1145923 1683705
-3 -2 -2 4 24 71 179 429 981 2106 4210 7840 13660 22383 34643 50789 70581 92766 114510 130660 132808
8 6 17 49 110 208 351 547 804 1130 1533 2021 2602 3284 4075 4983 6016 7182 8489 9945 11558
12 24 42 66 96 132 174 222 276 336 402 474 552 636 726 822 924 1032 1146 1266 1392
13 8 4 8 36 127 368 942 2223 4950 10516 21419 41965 79430 146141 263410 469061 831568 1475744 2627694 4690614
12 10 18 42 87 158 264 420 642 930 1234 1398 1077 -378 -4072 -11760 -26088 -50886 -91518 -155294 -251949
11 10 10 11 10 10 32 140 494 1464 3867 9435 21713 47794 101769 211762 434346 883603 1787917 3596768 7173365
8 17 23 33 59 117 239 512 1166 2741 6371 14231 30201 60809 116523 213470 375668 637865 1049087 1677005 2613239
12 25 33 32 19 0 4 108 481 1455 3636 8098 16790 33474 65857 130150 260162 524309 1055691 2102780 4111397
11 6 -1 0 19 66 151 284 475 734 1071 1496 2019 2650 3399 4276 5291 6454 7775 9264 10931
9 8 4 -2 -1 24 98 254 533 984 1664 2638 3979 5768 8094 11054 14753 19304 24828 31454 39319
-2 5 7 10 15 25 62 200 620 1693 4097 8974 18133 34305 61456 105164 173066 275381 425515 640754 943051
5 13 28 63 139 285 538 943 1553 2429 3640 5263 7383 10093 13494 17695 22813 28973 36308 44959 55075
-2 -3 8 35 88 189 381 749 1474 2965 6152 13077 27992 59265 122509 245487 475510 890237 1613008 2834095 4839544
10 8 12 34 98 240 504 947 1669 2899 5203 9943 20215 42637 90553 189474 385900 761066 1451638 2679960 4797128
-3 1 18 50 105 196 343 585 1005 1779 3275 6245 12164 23760 45723 85454 153551 263804 433753 691996 1113743
3 7 14 21 25 23 12 -11 -49 -105 -182 -283 -411 -569 -760 -987 -1253 -1561 -1914 -2315 -2767
4 6 16 33 52 73 110 201 419 896 1895 3997 8509 18243 38863 81045 163742 318890 597930 1080553 1886098
1 6 21 46 81 126 181 246 321 406 501 606 721 846 981 1126 1281 1446 1621 1806 2001
-1 0 11 30 67 150 340 768 1704 3661 7522 14653 26932 46591 75751 115555 164909 219078 268821 301472 306489
2 -3 -6 5 38 105 239 519 1114 2371 4999 10464 21858 45825 96754 205579 437442 925611 1934143 3970245 7981900
5 18 42 72 107 153 232 403 797 1662 3417 6746 12853 24180 46195 91322 186770 389073 809988 1662077 3340398
-2 8 20 29 29 21 26 116 471 1464 3775 8556 17740 34747 66139 125275 239788 465832 913622 1790919 3473911
5 1 1 4 17 66 205 533 1235 2681 5654 11847 24889 52359 109564 226338 458807 908995 1756373 3307164 6070007
-2 11 23 37 66 134 277 541 980 1659 2671 4192 6633 11017 19850 39078 82510 181983 410867 937743 2145624
12 25 43 70 118 206 368 678 1304 2608 5328 10922 22232 44756 89047 175203 341292 659255 1264961 2414570 4588506
-5 -3 -1 1 3 5 7 9 11 13 15 17 19 21 23 25 27 29 31 33 35
12 10 7 3 5 41 177 533 1306 2817 5606 10616 19555 35644 65239 121462 232432 459828 939957 1972041 4201689
2 -2 -3 7 45 141 356 824 1839 4021 8622 18093 37156 74859 148520 291236 565996 1091788 2091027 3974099 7487499
3 14 25 36 47 58 69 80 91 102 113 124 135 146 157 168 179 190 201 212 223
3 12 16 24 45 89 179 369 763 1527 2890 5151 8754 14562 24552 43299 80990 159847 329089 701898 1547274
9 17 37 69 113 169 237 317 409 513 629 757 897 1049 1213 1389 1577 1777 1989 2213 2449
0 7 28 74 161 322 622 1175 2165 3887 6862 12159 22198 42536 85482 176880 368078 756007 1515472 2949256 5563511
-1 -2 5 19 36 61 117 251 543 1141 2373 5034 11029 24694 55337 121855 260707 539131 1076619 2080442 3908602
2 14 38 80 141 229 374 645 1168 2144 3866 6734 11267 18111 28042 41963 60894 85954 118334 159260 209945
-3 -7 2 34 99 208 376 640 1111 2099 4394 9861 22628 51357 113497 243248 506618 1030083 2054941 4038884 7841578
2 8 22 52 106 192 318 492 722 1016 1382 1828 2362 2992 3726 4572 5538 6632 7862 9236 10762
1 -4 -11 -6 38 165 446 999 2027 3884 7182 12967 23052 40765 72759 133312 253989 504068 1031403 2140408 4435090
-3 2 17 56 143 314 618 1125 1946 3263 5364 8687 13906 22149 35531 58322 99259 175760 321115 596122 1107113
2 9 21 52 129 292 594 1101 1892 3059 4707 6954 9931 13782 18664 24747 32214 41261 52097 64944 80037
