14 28 40 60 102 196 410 894 1965 4268 9086 18947 38813 78380 156460 309250 605920 1178148 2276396 4377234 8386704
2 -2 -9 -17 -18 6 92 324 900 2259 5286 11607 23978 46763 86487 152442 257318 417828 655297 996191 1472574
9 10 15 26 50 99 195 383 758 1528 3169 6787 14891 32899 71835 152804 313911 620254 1177379 2148016 3770864
-4 -7 -10 -13 -16 -19 -22 -25 -28 -31 -34 -37 -40 -43 -46 -49 -52 -55 -58 -61 -64
11 6 5 6 16 65 225 638 1562 3450 7092 13886 26377 49333 91838 171202 319949 597782 1111279 2045190 3710630
6 10 10 6 -2 -14 -30 -50 -74 -102 -134 -170 -210 -254 -302 -354 -410 -470 -534 -602 -674
5 13 32 72 139 239 380 583 921 1626 3352 7784 18979 46168 109304 249489 547645 1156515 2353408 4624168 8792795
-5 -1 5 27 90 236 540 1135 2259 4351 8237 15461 28830 53256 96992 173373 303187 517815 863293 1405463 2236394
-1 -5 -2 9 35 95 232 528 1115 2169 3862 6237 8980 11114 10759 5324 -7091 -23414 -24503 52819 386645
-2 -5 -8 -15 -18 3 93 356 1032 2652 6332 14324 31048 65004 132238 262471 509714 970409 1814252 3336531 6047106
14 25 50 90 152 250 404 633 935 1247 1381 938 -789 -4900 -12923 -26743 -48348 -79291 -119740 -166958 -213022
0 4 7 5 -9 -39 -83 -130 -155 -100 203 1278 4652 14350 40086 103781 252582 584528 1298515 2789979 5830325
-1 -5 -11 -23 -39 -45 2 205 772 2078 4762 9905 19376 36490 67205 122215 220509 395317 703931 1243777 2178459
-5 2 16 34 55 80 112 156 219 310 440 622 871 1204 1640 2200 2907 3786 4864 6170 7735
10 8 5 12 52 174 476 1141 2495 5104 9938 18644 33987 60538 105711 181277 305512 506168 824491 1320548 2080166
2 7 21 56 134 297 629 1301 2648 5285 10269 19330 35249 62585 109182 189271 329618 581283 1041665 1895708 3493556
-5 7 26 52 98 189 358 649 1132 1934 3290 5629 9767 17454 32936 67028 146705 335745 775938 1764354 3890808
6 8 14 35 90 219 496 1042 2038 3738 6482 10709 16970 25941 38436 55420 78022 107548 145494 193559 253658
8 6 16 51 131 285 554 997 1707 2850 4754 8099 14294 26177 49250 93785 178346 335622 622036 1133491 2030973
7 10 8 -1 -10 -3 59 263 772 1849 3888 7519 13992 26347 52493 112526 254919 590502 1360894 3071585 6742692
8 13 15 14 17 37 98 254 627 1467 3243 6796 13627 26445 50137 93327 170729 306891 543614 958607 1716940
-4 10 33 64 97 120 119 83 3 -146 -459 -1216 -3060 -7117 -14558 -24161 -24370 27774 256149 972416 2892019
13 15 29 56 95 140 191 279 516 1198 3024 7564 18236 42263 94408 203765 425559 860825 1688047 3212400 5940213
1 0 -2 5 41 144 374 820 1624 3057 5719 10990 21942 45059 93353 191891 387483 765494 1478660 2795699 5181775
7 20 44 78 117 160 225 369 723 1575 3565 8105 18227 40229 86782 182642 374855 750438 1466066 2796408 5210561
7 8 13 28 60 118 228 469 1051 2474 5827 13309 29080 60574 120414 229034 417991 733676 1240617 2022690 3179164
-5 -8 -11 -14 -17 -20 -23 -26 -29 -32 -35 -38 -41 -44 -47 -50 -53 -56 -59 -62 -65
2 14 40 78 133 221 386 735 1505 3181 6689 13707 27195 52383 98745 184061 342806 643418 1223844 2365046 4643747
1 8 17 35 79 182 405 851 1673 3076 5329 8837 14408 24049 43047 84927 182469 410908 934753 2099007 4601561
11 19 26 40 78 165 337 649 1187 2089 3604 6277 11461 22545 47578 104408 230119 497567 1043394 2114350 4142532
3 13 27 52 94 154 237 379 711 1593 3871 9349 21655 47865 101603 208956 419591 827257 1607091 3083266 5852336
-4 2 9 29 71 152 316 661 1374 2774 5363 9885 17393 29324 47582 74629 113584 168330 243629 345245 480075
14 24 47 79 115 161 246 434 836 1622 3033 5393 9121 14743 22904 34380 50090 71108 98675 134211 179327
12 26 53 95 153 227 317 439 668 1226 2650 6113 14057 31482 68598 146206 306330 632692 1289569 2595621 5166335
6 3 -5 -14 -15 14 118 376 913 1914 3642 6463 10882 17595 27563 42115 63088 93013 135357 194832 277783
-4 -3 -3 -8 -13 0 70 277 777 1864 4099 8600 17687 36278 74862 155782 326406 686371 1442889 3020540 6274063
4 5 6 16 42 97 219 499 1128 2487 5331 11165 22988 46723 93948 187209 370674 732017 1447718 2876110 5745244
7 7 3 1 12 55 160 371 749 1375 2353 3813 5914 8847 12838 18151 25091 34007 45295 59401 76824
7 7 17 42 99 225 485 980 1855 3307 5593 9038 14043 21093 30765 43736 60791 82831 110881 146098 189779
-5 -5 5 35 103 240 504 1008 1966 3768 7110 13231 24352 44484 80910 146964 267531 490683 913541 1740737 3415131
1 13 36 76 134 213 325 494 761 1206 2023 3730 7680 17174 39676 90906 201953 431019 881990 1732744 3276962
4 18 42 76 120 174 238 312 396 490 594 708 832 966 1110 1264 1428 1602 1786 1980 2184
4 9 24 49 84 129 184 249 324 409 504 609 724 849 984 1129 1284 1449 1624 1809 2004
9 5 6 14 41 114 275 577 1085 1911 3344 6180 12413 26516 57621 122999 253345 500489 948282 1727546 3036129
-2 7 19 43 93 200 431 925 1960 4069 8224 16102 30433 55404 97052 163520 264970 412843 618025 887317 1217413
8 14 21 24 30 62 165 418 968 2117 4513 9526 19944 41238 83901 167931 331712 649884 1269149 2478672 4844786
2 12 32 58 81 100 140 278 678 1647 3748 8043 16589 33373 65948 128121 244146 454990 827368 1466384 2532769
5 4 3 -2 -6 18 143 519 1421 3337 7129 14303 27425 50742 91153 159873 275454 469171 793836 1336237 2230585
-4 10 22 41 77 139 229 340 480 762 1630 4345 11950 31103 75492 172211 373890 782412 1596556 3209647 6411769
7 14 31 56 85 121 193 399 989 2509 6045 13649 29120 59503 118067 230353 446601 867398 1696597 3350068 6677469
10 14 19 38 88 198 416 815 1497 2590 4233 6564 9791 14572 23209 42650 91120 211626 498199 1145938 2546774
-1 9 21 47 111 246 488 863 1370 1970 2599 3241 4144 6379 13216 33393 88593 229839 571889 1362299 3114413
0 1 11 39 97 205 398 740 1361 2546 4931 9912 20461 42684 88685 181699 365202 719151 1389343 2641437 4961965
10 17 33 72 156 315 587 1018 1662 2581 3845 5532 7728 10527 14031 18350 23602 29913 37417 46256 56580
8 7 3 -4 -5 16 85 257 669 1656 3974 9202 20454 43649 89798 179117 348318 663229 1240021 2279856 4123805
6 19 28 47 97 209 432 854 1640 3088 5711 10378 18610 33273 60222 112062 216302 432061 882506 1814829 3706387
13 14 19 23 26 29 33 41 63 124 275 607 1268 2483 4577 8001 13361 21450 33283 50135 73582
-2 -1 2 7 14 23 34 47 62 79 98 119 142 167 194 223 254 287 322 359 398
-3 0 12 33 63 102 150 207 273 348 432 525 627 738 858 987 1125 1272 1428 1593 1767
-4 7 24 56 114 217 402 739 1366 2581 5071 10441 22354 48835 106655 229208 479904 973739 1910178 3620446 6631178
3 14 25 36 47 58 69 80 91 102 113 124 135 146 157 168 179 190 201 212 223
-1 9 26 64 144 300 581 1053 1800 2928 4601 7188 11675 20591 39802 81627 169805 346867 684412 1296616 2356978
-3 -4 3 28 95 242 521 998 1753 2880 4487 6696 9643 13478 18365 24482 32021 41188 52203 65300 80727
-4 -5 8 48 127 266 513 973 1860 3587 6916 13196 24723 45262 80777 140421 237844 392883 633704 999472 1543631
-3 -6 -7 7 62 210 548 1241 2556 4937 9188 16882 31179 58315 110117 208006 389071 714932 1284259 2249977 3842364
1 -1 5 21 52 109 219 438 863 1639 2957 5039 8106 12325 17731 24120 30909 36959 40357 38153 26048
2 9 30 62 104 152 194 213 201 191 336 1123 3948 12571 36544 98764 251190 606112 1396466 3090333 6607886
1 4 13 34 71 131 225 362 537 715 811 665 27 -1369 -3394 -4139 3929 43538 174781 543724 1484151
-4 9 26 47 72 101 134 171 212 257 306 359 416 477 542 611 684 761 842 927 1016
5 2 6 13 18 17 13 32 152 555 1628 4158 9677 21010 43081 84113 157687 287016 514762 925571 1695372
13 20 38 70 127 239 477 991 2078 4308 8766 17521 34522 67285 130069 249934 478467 914596 1748606 3345400 6397833
1 4 7 18 49 112 222 415 787 1567 3256 6897 14590 30431 62129 123619 238982 447749 810852 1414434 2364532
-1 1 8 20 38 60 83 112 183 418 1145 3135 8032 19093 42464 89538 181794 361540 716349 1433739 2919313
-2 -2 11 33 69 146 329 739 1573 3126 5810 10165 16886 26986 42430 67975 115616 214062 427157 887241 1852251
10 19 36 70 135 264 522 1018 1916 3445 5908 9690 15265 23202 34170 48942 68398 93527 125428 165310 214491
5 3 2 7 34 122 358 923 2169 4745 9804 19343 36754 67696 121436 212851 365333 614895 1015838 1648407 2628938
5 6 16 35 63 100 146 201 265 338 420 511 611 720 838 965 1101 1246 1400 1563 1735
5 11 18 24 39 96 268 703 1689 3761 7862 15570 29403 53214 92688 155953 254317 403143 622874 940220 1389519
-2 12 24 45 83 141 229 396 789 1743 3912 8477 17528 34847 67599 130047 251724 495316 995504 2042631 4261237
-2 9 22 51 107 210 401 753 1389 2533 4642 8688 16674 32472 63059 120194 222520 397985 686350 1141385 1832141
4 7 21 60 142 294 563 1043 1942 3741 7538 15727 33242 69710 143020 285046 550584 1031003 1874699 3317214 5724878
10 24 42 69 113 197 373 744 1496 2947 5637 10521 19415 36052 68561 135095 275996 578660 1225558 2582091 5349531
14 11 19 50 121 267 563 1164 2372 4739 9215 17350 31559 55459 94287 155408 248922 388379 591611 881690 1288021
-5 5 23 49 83 125 175 233 299 373 455 545 643 749 863 985 1115 1253 1399 1553 1715
7 17 29 44 72 138 290 609 1221 2311 4139 7058 11534 18168 27720 41135 59571 84429 117385 160424 215876
0 10 20 37 77 167 347 672 1214 2064 3334 5159 7699 11141 15701 21626 29196 38726 50568 65113 82793
13 13 8 2 4 34 138 424 1140 2823 6553 14354 29819 59156 113178 211521 391967 730813 1385744 2682148 5279714
7 16 33 69 142 277 506 868 1409 2182 3247 4671 6528 8899 11872 15542 20011 25388 31789 39337 48162
-2 5 15 36 82 175 361 750 1601 3498 7710 16905 36503 77114 158722 317553 616912 1163699 2132825 3802354 6602904
0 5 16 40 91 194 389 734 1320 2322 4121 7546 14305 27703 53786 103106 193376 353379 628614 1089308 1841599
14 18 36 72 127 201 292 405 594 1077 2499 6491 16819 41692 98298 221552 480774 1011412 2075650 4178874 8293879
-2 7 22 55 127 276 576 1177 2375 4720 9169 17290 31522 55495 94413 155502 248524 386357 585640 867481 1258225
7 16 28 47 72 108 179 356 826 2047 5068 12146 27863 61029 127741 256037 492617 912074 1628956 2812729 4705290
12 9 8 15 38 87 174 313 520 813 1212 1739 2418 3275 4338 5637 7204 9073 11280 13863 16862
-2 9 34 69 105 134 153 161 148 76 -137 -573 -1035 -119 7198 34965 117186 328251 818848 1876001 4019345
12 8 17 40 85 180 396 879 1891 3860 7444 13633 23964 41040 69779 120254 213734 394752 753907 1468902 2875335
4 17 27 43 84 179 371 728 1367 2514 4654 8870 17529 35546 72544 146329 288214 550855 1019405 1826949 3175354
6 15 38 83 164 308 573 1083 2085 4027 7643 14023 24674 41704 68597 112781 192620 354031 706280 1493539 3229692
0 8 28 73 167 345 653 1148 1898 2982 4490 6523 9193 12623 16947 22310 28868 36788 46248 57437 70555
14 9 4 -1 -6 -11 -16 -21 -26 -31 -36 -41 -46 -51 -56 -61 -66 -71 -76 -81 -86
11 15 24 50 105 204 365 616 1019 1721 3042 5610 10553 19758 36207 64400 110875 184835 298892 469938 720153
-4 -3 1 18 69 198 484 1056 2123 4047 7508 13848 25766 48730 93895 184197 367067 740683 1507281 3079162 6284406
2 16 42 85 157 290 547 1041 1976 3724 6957 12882 23715 43736 81679 155952 305431 610628 1233484 2490185 4983284
9 10 11 12 13 14 15 16 17 18 19 20 21 22 23 24 25 26 27 28 29
7 3 1 4 25 95 285 740 1719 3631 7053 12712 21409 33859 50417 70656 92759 112683 123049 111708 59929
8 13 32 60 91 126 177 271 453 795 1443 2783 5902 13711 33476 82219 197726 460045 1031794 2230874 4656989
-2 9 24 42 60 73 74 54 2 -95 -252 -486 -816 -1263 -1850 -2602 -3546 -4711 -6128 -7830 -9852
-5 5 13 16 17 35 122 401 1149 2963 7074 15929 34269 71126 143488 282899 547063 1039749 1944159 3577714 6480297
11 6 11 22 45 93 188 364 665 1143 1885 3135 5627 11308 24706 55287 121247 255300 513151 985484 1814449
5 11 28 69 158 326 607 1048 1745 2915 5012 8893 16038 28826 50867 87388 145669 235523 369812 564989 841654
-2 -7 -3 14 43 75 99 121 207 564 1674 4497 10769 23469 47697 92690 176921 340984 678752 1408753 3029448
12 19 36 76 152 279 485 834 1472 2711 5177 10088 19830 39203 78050 156478 314540 629131 1242226 2407236 4566004
0 6 16 29 52 97 180 322 552 912 1464 2299 3548 5395 8092 11976 17488 25194 35808 50217 69508
13 20 26 40 75 159 357 818 1857 4081 8573 17162 32833 60372 107400 186030 315485 526146 865660 1407932 2266055
-1 0 14 49 109 190 287 421 702 1457 3476 8465 19851 44185 93598 190238 374725 723230 1383494 2652133 5139557
4 14 38 73 117 164 201 221 273 591 1893 6046 17494 46206 113526 263382 583170 1241888 2558888 5126983 10032147
10 17 23 33 60 127 273 561 1081 1931 3139 4465 5017 2681 -6385 -27268 -62318 -97754 -68133 226908 1302372
5 11 24 51 109 234 491 996 1973 3892 7767 15734 32086 65044 129761 253558 485569 915693 1713798 3212905 6085711
-4 0 10 33 88 208 455 953 1940 3838 7338 13507 23974 41385 70587 121466 215076 395688 752658 1457505 2823172
3 4 7 12 31 99 287 716 1577 3168 5965 10750 18825 32347 54825 91826 151943 248084 399147 632152 984907
9 4 9 24 58 133 297 646 1369 2852 5907 12230 25238 51489 102951 200456 378753 693660 1231909 2124380 3563530
2 9 30 63 114 199 342 575 949 1578 2760 5244 10733 22737 47971 98790 198020 389659 763462 1510293 3041244
4 -1 5 17 40 95 221 475 933 1706 3018 5462 10679 22938 52505 122383 281122 626097 1344087 2779267 5542850
14 14 24 44 74 114 164 224 294 374 464 564 674 794 924 1064 1214 1374 1544 1724 1914
8 7 8 11 16 23 32 43 56 71 88 107 128 151 176 203 232 263 296 331 368
3 13 23 32 49 94 209 481 1078 2300 4653 8982 16788 31079 58604 115341 239107 516980 1142538 2532082 5556759
0 -4 -7 -7 -2 10 31 63 108 168 245 341 458 598 763 955 1176 1428 1713 2033 2390
1 8 22 55 131 300 650 1312 2450 4236 6826 10379 15207 22229 34054 57285 107132 216445 453551 958380 2017428
1 11 23 32 33 21 -9 -62 -143 -257 -409 -604 -847 -1143 -1497 -1914 -2399 -2957 -3593 -4312 -5119
-4 1 15 40 89 181 333 552 830 1145 1471 1800 2179 2765 3901 6216 10752 19121 33695 57832 96141
-5 4 22 49 86 132 178 207 216 282 697 2198 6316 15850 35408 71811 133936 231463 372627 564086 824965
1 3 4 11 36 99 237 528 1136 2389 4917 9901 19517 37701 71412 132630 241395 430271 750706 1281855 2142538
0 12 35 78 162 326 647 1277 2501 4819 9060 16567 29595 52330 93540 173145 337597 694172 1484587 3238608 7087849
0 11 35 76 138 233 403 768 1612 3525 7636 16016 32425 63752 122783 233359 439580 821491 1520661 2780232 5005352
-5 1 5 3 0 21 122 401 1009 2161 4147 7343 12222 19365 29472 43373 62039 86593 118321 158683 209324
9 12 17 33 75 171 368 737 1387 2513 4519 8267 15493 29375 55103 100070 173021 281342 426049 595697 764591
7 20 33 46 59 72 85 98 111 124 137 150 163 176 189 202 215 228 241 254 267
2 14 36 78 150 262 424 646 938 1310 1772 2334 3006 3798 4720 5782 6994 8366 9908 11630 13542
-2 7 16 25 34 43 52 61 70 79 88 97 106 115 124 133 142 151 160 169 178
4 11 15 16 10 -15 -84 -235 -497 -821 -932 -62 3487 13017 34435 77703 158902 303131 548533 951828 1595840
11 12 15 25 57 149 377 873 1848 3625 6700 11876 20562 35419 61732 110329 203809 389702 767613 1543343 3132751
8 22 41 68 101 146 228 400 750 1406 2539 4364 7139 11162 16766 24312 34180 46758 62429 81556 104465
14 18 20 19 9 -26 -119 -322 -691 -1230 -1754 -1614 788 8776 28553 70805 152808 301050 554320 967133 1613251
-5 2 11 20 36 76 176 411 930 2020 4230 8609 17142 33523 64560 122990 233845 449932 889741 1827244 3894584
13 24 49 84 133 210 341 566 941 1540 2457 3808 5733 8398 11997 16754 22925 30800 40705 53004 68101
-1 3 19 43 80 144 258 454 773 1265 1989 3013 4414 6278 8700 11784 15643 20399 26183 33135 41404
8 13 19 39 87 176 324 574 1036 1961 3864 7733 15418 30454 59984 119402 243340 510501 1096853 2383691 5166645
-4 0 5 25 71 154 300 572 1096 2090 3897 7025 12199 20432 33124 52200 80300 121036 179333 261873 377663
3 16 43 79 121 168 222 290 385 532 803 1433 3107 7556 18658 44308 99399 210344 421667 805299 1473333
2 6 18 50 113 221 393 658 1080 1846 3499 7451 16983 39041 87288 187101 383550 753918 1427088 2613224 4648717
0 1 -1 -5 3 62 251 715 1710 3675 7339 13871 25081 43680 73607 120431 191836 298197 453255 674899 986063
6 19 33 50 79 138 258 497 971 1903 3676 6853 12104 19986 30647 43998 62208 99439 210071 558568 1574777
3 -1 -7 -12 -3 55 242 722 1801 4002 8144 15391 27205 45100 70069 101575 136111 165617 176595 151718 77253
6 20 34 62 118 216 370 594 902 1308 1826 2470 3254 4192 5298 6586 8070 9764 11682 13838 16246
8 22 32 35 36 56 153 462 1272 3170 7294 15749 32252 63084 118439 214272 374760 635502 1047596 1682743 2639540
7 4 6 27 92 243 551 1143 2262 4391 8499 16521 32293 63382 124674 245355 482249 944646 1839132 3547991 6762066
7 14 30 69 141 249 394 593 918 1563 2942 5815 11432 21678 39196 67461 110777 174172 263174 383465 540431
-2 0 11 29 47 51 24 -32 -46 210 1261 4148 10785 24578 51540 102288 195462 363152 658631 1165667 2006267
-4 -5 2 13 34 90 246 640 1524 3312 6639 12450 22194 38370 66125 117688 223863 462056 1021219 2346002 5444977
9 16 25 31 28 12 -16 -49 -81 -133 -302 -799 -1845 -3098 -1934 10672 58817 198382 547195 1336735 2997114
9 22 47 89 149 223 309 430 695 1435 3475 8658 20871 48134 106986 231760 493909 1041140 2173931 4489747 9145273
11 14 28 67 146 281 489 788 1197 1736 2426 3289 4348 5627 7151 8946 11039 13458 16232 19391 22966
10 18 36 63 93 123 162 241 424 820 1596 2991 5331 9045 14682 22929 34630 50806 72676 101679 139497
4 6 8 18 55 152 361 761 1468 2644 4500 7286 11259 16618 23393 31273 39356 45802 47368 38802 12071
6 10 14 18 22 26 30 34 38 42 46 50 54 58 62 66 70 74 78 82 86
5 3 9 27 61 115 193 299 437 611 825 1083 1389 1747 2161 2635 3173 3779 4457 5211 6045
6 5 18 45 86 141 210 293 390 501 626 765 918 1085 1266 1461 1670 1893 2130 2381 2646
-2 -6 -4 4 18 38 64 96 134 178 228 284 346 414 488 568 654 746 844 948 1058
3 6 12 16 10 -6 -10 70 409 1374 3660 8484 17848 34882 64278 112826 190063 309046 487260 747672 1119942
-1 11 35 74 128 190 250 318 474 945 2206 5113 11106 22568 43490 80701 146227 262320 473563 877989 1707294
6 13 20 27 34 41 48 55 62 69 76 83 90 97 104 111 118 125 132 139 146
-3 2 21 52 104 204 411 837 1684 3325 6486 12633 24750 48844 96790 191625 377234 735669 1417247 2691444 5031793
3 4 5 6 7 8 9 10 11 12 13 14 15 16 17 18 19 20 21 22 23
9 22 35 50 76 142 324 781 1806 3922 8101 16265 32352 64416 128518 255631 503565 977302 1863808 3493197 6451852
5 11 15 24 45 95 208 452 977 2137 4765 10730 23969 52265 110134 223290 435277 816991 1479963 2594436 4413445
-4 6 26 57 114 223 427 814 1592 3248 6840 14483 30102 60537 117097 217672 389524 672890 1125542 1828461 2892794
-4 -8 1 27 70 139 265 520 1052 2164 4510 9577 20802 45974 102036 224097 481516 1005580 2036031 3998299 7631038
13 12 20 42 85 153 256 428 747 1352 2465 4457 8053 14861 28547 57183 117615 243276 498156 1002928 1987811
-3 -3 5 18 29 37 56 123 307 728 1606 3384 7039 14896 32773 75449 179841 434823 1044715 2457134 5607961
6 1 -6 -17 -23 -2 91 348 952 2247 4840 9741 18547 33676 58657 98482 160026 252541 388230 582907 856749
1 3 7 12 12 -5 -55 -156 -326 -581 -936 -1418 -2109 -3249 -5444 -10042 -19761 -39677 -78707 -151752 -282698
-2 5 18 37 62 93 130 173 222 277 338 405 478 557 642 733 830 933 1042 1157 1278
-1 -6 -7 5 44 125 265 485 807 1238 1731 2111 1952 389 -4153 -14333 -34393 -70806 -133099 -234879 -395092
0 -3 -3 9 54 170 418 884 1678 2942 4897 7981 13147 22386 39486 70888 126207 217566 356572 548264 784355
13 22 31 48 82 148 273 516 1026 2186 4929 11369 25985 57774 124149 258109 521777 1032648 2015535 3906698 7563846
-1 -6 2 37 108 218 372 589 926 1531 2753 5361 10990 23095 49041 104610 223317 474656 997856 2060848 4157360
12 11 13 20 43 114 297 702 1517 3096 6184 12431 25468 53046 111200 232349 481170 985893 1999959 4022502 8030361
-1 10 32 63 109 184 310 517 843 1334 2044 3035 4377 6148 8434 11329 14935 19362 24728 31159 38789
12 24 46 79 119 161 202 245 303 407 641 1261 3004 7758 19856 48428 111670 245045 518436 1074462 2216013
9 10 6 3 6 32 135 456 1309 3325 7702 16665 34367 68736 135310 265059 519765 1020944 2001794 3896491 7487568
0 6 19 39 66 100 141 189 244 306 375 451 534 624 721 825 936 1054 1179 1311 1450
10 18 28 42 62 94 149 241 382 574 798 1000 1074 842 31 -1753 -5054 -10598 -19328 -32442 -51434
11 16 24 36 65 136 287 573 1084 2011 3834 7763 16645 36695 80717 174162 366827 755984 1532634 3073964 6126547
-1 4 8 16 31 59 121 271 619 1358 2794 5378 9739 16717 27395 43129 65575 96712 138860 194692 267239
10 19 27 36 49 71 107 154 185 130 -126 -676 -1343 -1043 3581 20749 68000 179241 415057 876632 1722901
0 0 2 1 -1 0 1 -21 -126 -432 -1140 -2563 -5159 -9568 -16653 -27545 -43692 -66912 -99450 -144039 -203965
9 20 37 74 141 247 416 716 1301 2466 4715 8842 16025 27933 46846 75788 118673 180464 267345 386906 548341
11 23 39 56 74 92 115 177 399 1122 3193 8556 21437 50641 113829 245156 508418 1019086 1980754 3745557 6916023
6 12 16 28 62 142 313 664 1373 2792 5601 11072 21494 40813 75529 135853 237044 400696 655498 1036608 1582218
3 2 13 37 75 128 197 283 387 510 653 817 1003 1212 1445 1703 1987 2298 2637 3005 3403
5 4 4 17 57 140 284 509 837 1292 1900 2689 3689 4932 6452 8285 10469 13044 16052 19537 23545
13 24 34 45 60 94 191 445 1020 2171 4289 8032 14665 26819 49996 95298 184047 355194 676692 1262335 2295946
2 3 2 -4 -18 -42 -66 -51 95 564 1764 4602 11113 25743 57828 126285 268512 557449 1134430 2271984 4491736
-5 0 16 42 89 188 404 863 1796 3602 6941 12911 23481 42608 78949 151909 304101 625340 1296318 2664460 5370597
9 12 27 54 93 144 207 282 369 468 579 702 837 984 1143 1314 1497 1692 1899 2118 2349
5 6 6 13 40 109 267 626 1435 3186 6745 13491 25465 45618 78457 131783 220853 377218 665692 1214333 2263818
9 20 33 46 54 49 20 -47 -169 -366 -661 -1080 -1652 -2409 -3386 -4621 -6155 -8032 -10299 -13006 -16206
